last_price,avg_MaxMin,Last_price_avg_short,Last_price_avg_medium,Last_price_avg_long,time                      
43116.69,43150.83,43139.246,43148.231,43173.802,07:48:20
43116.69,43150.83,43139.184,43148.18,43173.776,07:48:23
43116.69,43150.83,43139.121,43148.13,43173.749,07:48:25
43116.99,43150.83,43139.059,43148.081,43173.722,07:48:28
43119.101,43150.83,43139.001,43148.033,43173.696,07:48:30
43119.102,43150.83,43138.943,43147.985,43173.672,07:48:33
43119.102,43150.83,43138.884,43147.937,43173.652,07:48:36
43119.102,43150.83,43138.826,43147.889,43173.632,07:48:38
43119.102,43150.83,43138.767,43147.842,43173.613,07:48:41
43119.102,43150.83,43138.709,43147.794,43173.593,07:48:43
43119.101,43150.83,43138.648,43147.746,43173.573,07:48:46
43119.102,43150.83,43138.587,43147.698,43173.553,07:48:48
43119.101,43150.83,43138.526,43147.651,43173.533,07:48:51
43127.24,43150.83,43138.479,43147.611,43173.517,07:48:53
43127.98,43150.83,43138.433,43147.572,43173.5,07:48:56
43130.99,43150.83,43138.392,43147.536,43173.485,07:48:58
43133.62,43150.83,43138.352,43147.502,43173.47,07:49:01
43134.22,43150.83,43138.311,43147.469,43173.456,07:49:03
43134.701,43150.83,43138.269,43147.437,43173.442,07:49:06
43134.706,43150.83,43138.228,43147.404,43173.427,07:49:09
43134.702,43150.83,43138.186,43147.372,43173.413,07:49:11
43134.701,43150.83,43138.145,43147.339,43173.398,07:49:14
43136.98,43150.83,43138.107,43147.309,43173.385,07:49:17
43139.401,43150.83,43138.074,43147.281,43173.372,07:49:19
43141.732,43150.83,43138.044,43147.255,43173.36,07:49:22
43141.732,43150.83,43138.014,43147.23,43173.345,07:49:24
43141.732,43150.83,43137.984,43147.204,43173.329,07:49:27
43141.732,43150.83,43137.955,43147.179,43173.314,07:49:30
43141.737,43150.83,43137.926,43147.153,43173.298,07:49:32
43141.737,43150.83,43137.896,43147.128,43173.283,07:49:35
43141.738,43150.83,43137.867,43147.102,43173.267,07:49:37
43141.738,43150.83,43137.837,43147.077,43173.252,07:49:40
43141.738,43150.83,43137.808,43147.051,43173.236,07:49:42
43141.738,43150.83,43137.778,43147.025,43173.22,07:49:45
43141.738,43150.83,43137.749,43147.0,43173.205,07:49:48
43141.738,43150.83,43137.719,43146.974,43173.189,07:49:50
43141.738,43150.83,43137.69,43146.949,43173.174,07:49:53
43141.738,43150.83,43137.66,43146.923,43173.158,07:49:55
43141.738,43150.83,43137.631,43146.898,43173.143,07:49:58
43141.738,43150.83,43137.601,43146.872,43173.127,07:50:00
43141.739,43150.83,43137.572,43146.847,43173.112,07:50:03
43141.739,43150.83,43137.542,43146.821,43173.096,07:50:05
43141.738,43150.83,43137.513,43146.796,43173.081,07:50:08
43141.738,43150.83,43137.483,43146.77,43173.065,07:50:10
43141.739,43150.83,43137.454,43146.744,43173.05,07:50:13
43141.739,43150.83,43137.424,43146.719,43173.034,07:50:15
43141.739,43150.83,43137.395,43146.693,43173.019,07:50:18
43141.738,43150.83,43137.372,43146.668,43173.003,07:50:20
43141.738,43150.83,43137.348,43146.642,43172.987,07:50:23
43141.738,43150.83,43137.325,43146.617,43172.972,07:50:26
43141.738,43150.83,43137.302,43146.591,43172.956,07:50:29
43141.738,43150.83,43137.279,43146.566,43172.941,07:50:31
43141.738,43150.83,43137.255,43146.54,43172.925,07:50:33
43141.738,43150.83,43137.232,43146.515,43172.91,07:50:36
43141.738,43150.83,43137.209,43146.489,43172.894,07:50:38
43141.738,43150.83,43137.186,43146.464,43172.879,07:50:41
43141.738,43150.83,43137.162,43146.438,43172.863,07:50:43
43141.737,43150.83,43137.139,43146.412,43172.848,07:50:46
43141.737,43150.83,43137.116,43146.387,43172.832,07:50:48
43141.737,43150.83,43137.093,43146.361,43172.817,07:50:51
43141.737,43150.83,43137.069,43146.336,43172.801,07:50:53
43141.735,43150.83,43137.046,43146.31,43172.786,07:50:56
43141.733,43150.83,43137.023,43146.285,43172.77,07:50:59
43141.735,43150.83,43137.0,43146.259,43172.754,07:51:01
43141.739,43150.83,43136.977,43146.234,43172.739,07:51:04
43141.738,43150.83,43136.953,43146.208,43172.723,07:51:06
43141.739,43150.83,43136.93,43146.183,43172.708,07:51:09
43141.739,43150.83,43136.907,43146.157,43172.692,07:51:11
43141.739,43150.83,43136.884,43146.131,43172.677,07:51:14
43141.739,43150.83,43136.86,43146.106,43172.661,07:51:16
43141.738,43150.83,43136.837,43146.08,43172.646,07:51:19
43141.738,43150.83,43136.817,43146.055,43172.63,07:51:21
43141.738,43150.83,43136.796,43146.029,43172.615,07:51:24
43141.739,43150.83,43136.775,43146.004,43172.599,07:51:26
43141.739,43150.83,43136.755,43145.978,43172.584,07:51:29
43141.739,43150.83,43136.734,43145.952,43172.57,07:51:32
43141.739,43150.83,43136.714,43145.928,43172.557,07:51:34
43141.739,43150.83,43136.693,43145.911,43172.543,07:51:37
43141.739,43150.83,43136.672,43145.894,43172.53,07:51:39
43141.737,43150.83,43136.652,43145.879,43172.517,07:51:42
43141.733,43150.83,43136.631,43145.864,43172.503,07:51:44
43141.733,43150.83,43136.611,43145.848,43172.49,07:51:47
43141.731,43150.83,43136.59,43145.833,43172.477,07:51:50
43141.76,43150.83,43136.569,43145.818,43172.464,07:51:52
43141.76,43150.83,43136.549,43145.802,43172.45,07:51:55
43141.76,43150.83,43136.528,43145.787,43172.437,07:51:57
43141.76,43150.83,43136.508,43145.772,43172.424,07:52:00
43146.221,43150.83,43136.495,43145.761,43172.412,07:52:02
43146.221,43150.83,43136.482,43145.75,43172.401,07:52:05
43146.221,43150.83,43136.468,43145.739,43172.389,07:52:08
43146.221,43150.83,43136.455,43145.728,43172.378,07:52:10
43146.222,43150.83,43136.442,43145.717,43172.366,07:52:13
43146.222,43150.83,43136.429,43145.706,43172.354,07:52:15
43146.222,43150.83,43136.416,43145.695,43172.343,07:52:18
43146.221,43150.83,43136.403,43145.684,43172.331,07:52:20
43146.222,43150.83,43136.39,43145.673,43172.32,07:52:23
43146.222,43150.83,43136.376,43145.662,43172.308,07:52:25
43146.222,43150.83,43136.363,43145.651,43172.297,07:52:28
43146.222,43150.83,43136.35,43145.64,43172.285,07:52:30
43146.222,43150.83,43136.337,43145.629,43172.273,07:52:33
43146.222,43150.83,43136.324,43145.619,43172.262,07:52:35
43146.222,43150.83,43136.311,43145.608,43172.25,07:52:38
43146.222,43150.83,43136.298,43145.597,43172.239,07:52:40
43146.222,43150.83,43136.285,43145.586,43172.227,07:52:43
43146.222,43150.83,43136.272,43145.575,43172.216,07:52:45
43146.222,43150.83,43136.258,43145.564,43172.204,07:52:48
43146.222,43150.83,43136.245,43145.553,43172.192,07:52:50
43146.223,43150.83,43136.232,43145.542,43172.181,07:52:53
43146.223,43150.83,43136.219,43145.531,43172.169,07:52:55
43146.223,43150.83,43136.206,43145.52,43172.158,07:52:58
43146.229,43150.83,43136.193,43145.509,43172.146,07:53:01
43146.229,43150.83,43136.18,43145.498,43172.134,07:53:03
43142.079,43150.83,43136.16,43145.483,43172.121,07:53:06
43142.079,43150.83,43136.14,43145.476,43172.108,07:53:08
43142.079,43150.83,43136.12,43145.468,43172.095,07:53:10
43142.079,43150.83,43136.1,43145.46,43172.082,07:53:13
43142.079,43150.83,43136.079,43145.452,43172.069,07:53:16
43142.078,43150.83,43136.059,43145.445,43172.056,07:53:18
43142.076,43150.83,43136.039,43145.437,43172.043,07:53:21
43142.076,43150.83,43136.019,43145.429,43172.03,07:53:23
43142.072,43150.83,43135.999,43145.421,43172.016,07:53:26
43142.071,43150.83,43135.979,43145.413,43172.003,07:53:29
43142.072,43150.83,43135.959,43145.403,43171.99,07:53:31
43142.071,43150.83,43135.939,43145.393,43171.977,07:53:34
43142.072,43150.83,43135.919,43145.382,43171.964,07:53:36
43142.07,43150.83,43135.899,43145.372,43171.951,07:53:39
43142.07,43150.83,43135.879,43145.35,43171.938,07:53:41
43142.07,43150.83,43135.859,43145.328,43171.925,07:53:44
43142.07,43150.83,43135.839,43145.306,43171.912,07:53:46
43142.07,43150.83,43135.819,43145.284,43171.898,07:53:49
43142.07,43150.83,43135.799,43145.262,43171.885,07:53:51
43143.63,43150.83,43135.781,43145.241,43171.873,07:53:54
43143.63,43150.83,43135.764,43145.226,43171.86,07:53:56
43143.63,43150.83,43135.747,43145.21,43171.848,07:53:59
43144.06,43150.83,43135.73,43145.195,43171.835,07:54:01
43144.06,43150.83,43135.713,43145.18,43171.823,07:54:04
43144.69,43150.83,43135.697,43145.166,43171.811,07:54:06
43144.69,43150.83,43135.682,43145.151,43171.799,07:54:09
43144.69,43150.83,43135.666,43145.136,43171.787,07:54:11
43144.79,43150.83,43135.651,43145.122,43171.774,07:54:14
43144.79,43150.83,43135.635,43145.108,43171.762,07:54:16
43146.22,43150.83,43135.627,43145.096,43171.751,07:54:19
43146.22,43150.83,43135.619,43145.085,43171.739,07:54:21
43146.22,43150.83,43135.611,43145.074,43171.728,07:54:24
43146.22,43150.83,43135.602,43145.062,43171.716,07:54:27
43146.22,43150.83,43135.594,43145.051,43171.705,07:54:29
43146.22,43150.83,43135.586,43145.04,43171.693,07:54:32
43146.45,43150.83,43135.578,43145.029,43171.682,07:54:34
43146.45,43150.83,43135.571,43145.018,43171.67,07:54:36
43150.03,43150.83,43135.569,43145.01,43171.66,07:54:39
43150.03,43150.83,43135.567,43145.002,43171.65,07:54:42
43150.69,43150.83,43135.566,43144.995,43171.64,07:54:44
43153.361,43150.83,43135.57,43144.995,43171.631,07:54:47
43153.36,43150.83,43135.574,43144.995,43171.622,07:54:49
43153.36,43150.83,43135.578,43144.994,43171.613,07:54:52
43153.36,43150.83,43135.596,43144.994,43171.604,07:54:54
43153.39,43150.83,43135.614,43144.994,43171.595,07:54:57
43153.39,43150.83,43135.634,43144.997,43171.586,07:54:59
43153.39,43150.83,43135.655,43145.001,43171.577,07:55:02
43153.391,43150.83,43135.675,43145.004,43171.569,07:55:05
43153.391,43150.83,43135.696,43145.008,43171.56,07:55:07
43153.391,43150.83,43135.716,43145.011,43171.551,07:55:10
43153.391,43150.83,43135.739,43145.015,43171.542,07:55:12
43153.391,43150.83,43135.761,43145.018,43171.533,07:55:15
43153.391,43150.83,43135.783,43145.022,43171.524,07:55:18
43153.391,43150.83,43135.805,43145.025,43171.515,07:55:20
43153.391,43150.83,43135.828,43145.028,43171.506,07:55:23
43153.391,43150.83,43135.85,43145.028,43171.499,07:55:26
43153.391,43150.83,43135.872,43145.026,43171.491,07:55:29
43153.391,43150.83,43135.895,43145.023,43171.483,07:55:32
43153.391,43150.83,43135.917,43145.021,43171.476,07:55:35
43153.391,43150.83,43135.939,43145.018,43171.468,07:55:38
43153.391,43150.83,43135.962,43145.016,43171.461,07:55:40
43153.391,43150.83,43135.984,43145.013,43171.453,07:55:43
43153.39,43150.83,43136.006,43145.011,43171.445,07:55:45
43153.39,43150.83,43136.082,43145.008,43171.438,07:55:48
43153.39,43150.83,43136.117,43145.005,43171.43,07:55:50
43153.39,43150.83,43136.152,43145.003,43171.422,07:55:53
43153.39,43150.83,43136.188,43145.0,43171.415,07:55:56
43153.39,43150.83,43136.223,43144.998,43171.407,07:55:58
43154.05,43150.83,43136.259,43144.998,43171.4,07:56:01
43154.05,43150.83,43136.296,43144.998,43171.393,07:56:03
43154.05,43150.83,43136.332,43144.998,43171.385,07:56:06
43154.05,43150.83,43136.369,43144.997,43171.378,07:56:08
43154.05,43150.83,43136.398,43144.997,43171.37,07:56:11
43154.05,43150.83,43136.422,43144.997,43171.363,07:56:14
43154.05,43150.83,43136.436,43144.997,43171.356,07:56:16
43154.05,43150.83,43136.45,43144.997,43171.348,07:56:19
43154.05,43150.83,43136.458,43144.997,43171.341,07:56:22
43154.05,43150.83,43136.466,43144.997,43171.334,07:56:24
43154.05,43150.83,43136.474,43144.997,43171.334,07:56:27
43154.29,43150.83,43136.482,43144.997,43171.334,07:56:29
43154.29,43150.83,43136.49,43144.997,43171.334,07:56:32
43154.29,43150.83,43136.498,43144.997,43171.334,07:56:34
43155.34,43150.83,43136.508,43144.998,43171.334,07:56:37
43155.34,43150.83,43136.517,43145.0,43171.333,07:56:39
43155.34,43150.83,43136.527,43145.001,43171.332,07:56:42
43155.341,43150.83,43136.536,43145.002,43171.332,07:56:44
43155.341,43150.83,43136.546,43145.003,43171.331,07:56:47
43155.34,43150.83,43136.556,43145.004,43171.33,07:56:49
43155.34,43150.83,43136.565,43145.006,43171.329,07:56:52
43155.34,43150.83,43136.575,43145.007,43171.326,07:56:54
43155.343,43150.83,43136.585,43145.008,43171.319,07:56:57
43155.345,43150.83,43136.594,43145.009,43171.312,07:56:59
43155.345,43150.83,43136.604,43145.01,43171.306,07:57:02
43144.997,43150.83,43136.596,43145.001,43171.295,07:57:04
43144.996,43150.83,43136.589,43144.992,43171.284,07:57:07
43144.993,43150.83,43136.581,43144.983,43171.273,07:57:09
43144.993,43150.83,43136.573,43144.974,43171.263,07:57:12
43144.993,43150.83,43136.566,43144.965,43171.252,07:57:14
43144.992,43150.83,43136.558,43144.957,43171.241,07:57:17
43157.02,43150.83,43136.57,43144.959,43171.237,07:57:20
43158.692,43150.83,43136.586,43144.964,43171.233,07:57:22
43158.691,43150.83,43136.601,43144.968,43171.23,07:57:25
43158.691,43150.83,43136.616,43144.973,43171.226,07:57:27
43158.691,43150.83,43136.631,43144.977,43171.221,07:57:30
43158.691,43150.83,43136.646,43144.982,43171.216,07:57:33
43158.691,43150.83,43136.662,43144.986,43171.21,07:57:35
43158.691,43150.83,43136.677,43144.991,43171.204,07:57:37
43158.69,43150.83,43136.692,43144.995,43171.199,07:57:40
43158.691,43150.83,43136.707,43145.0,43171.193,07:57:43
43158.691,43150.83,43136.722,43145.004,43171.187,07:57:45
43158.691,43150.83,43136.738,43145.008,43171.182,07:57:48
43158.69,43150.83,43136.753,43145.013,43171.176,07:57:50
43159.58,43150.83,43136.769,43145.018,43171.171,07:57:53
43159.58,43150.83,43136.786,43145.024,43171.165,07:57:55
43159.58,43150.83,43136.803,43145.029,43171.16,07:57:58
43161.09,43150.83,43136.822,43145.036,43171.155,07:58:00
43163.081,43150.83,43136.844,43145.045,43171.151,07:58:03
43163.081,43150.83,43136.867,43145.05,43171.147,07:58:05
43163.08,43150.83,43136.892,43145.053,43171.143,07:58:08
43163.08,43150.83,43136.916,43145.056,43171.139,07:58:10
43163.08,43150.83,43136.94,43145.06,43171.134,07:58:13
43163.08,43150.83,43136.963,43145.063,43171.128,07:58:15
43163.08,43150.83,43136.987,43145.066,43171.122,07:58:18
43163.08,43150.83,43137.01,43145.069,43171.115,07:58:20
43163.08,43150.83,43137.034,43145.069,43171.107,07:58:23
43163.08,43150.83,43137.057,43145.07,43171.1,07:58:25
43163.08,43150.83,43137.081,43145.07,43171.092,07:58:28
43163.08,43150.83,43137.094,43145.068,43171.084,07:58:31
43163.08,43150.83,43137.106,43145.067,43171.076,07:58:33
43163.08,43150.83,43137.119,43145.063,43171.068,07:58:36
43163.08,43150.83,43137.131,43145.059,43171.06,07:58:38
43163.08,43150.83,43137.143,43145.054,43171.052,07:58:41
43163.08,43150.83,43137.156,43145.049,43171.044,07:58:43
43163.08,43150.83,43137.168,43145.044,43171.036,07:58:46
43163.08,43150.83,43137.18,43145.039,43171.026,07:58:48
43163.08,43150.83,43137.193,43145.034,43171.015,07:58:51
43163.08,43150.83,43137.205,43145.028,43171.005,07:58:54
43163.38,43150.83,43137.218,43145.022,43170.995,07:58:56
43165.981,43150.83,43137.235,43145.017,43170.986,07:58:59
43165.982,43150.83,43137.252,43145.013,43170.976,07:59:01
43165.981,43150.83,43137.27,43145.006,43170.967,07:59:04
43165.982,43150.83,43137.287,43145.0,43170.958,07:59:07
43165.981,43150.83,43137.304,43144.993,43170.948,07:59:09
43165.981,43150.83,43137.321,43144.987,43170.939,07:59:12
43165.981,43150.83,43137.338,43144.978,43170.93,07:59:14
43165.982,43150.83,43137.355,43144.969,43170.92,07:59:17
43165.981,43150.83,43137.373,43144.96,43170.911,07:59:19
43165.981,43150.83,43137.39,43144.952,43170.902,07:59:22
43165.98,43150.83,43137.407,43144.943,43170.892,07:59:25
43165.98,43150.83,43137.424,43144.934,43170.883,07:59:27
43165.98,43150.83,43137.441,43144.926,43170.874,07:59:30
43167.87,43150.83,43137.462,43144.919,43170.865,07:59:32
43168.78,43150.83,43137.483,43144.913,43170.857,07:59:35
43168.781,43150.83,43137.505,43144.907,43170.849,07:59:37
43168.78,43150.83,43137.527,43144.901,43170.84,07:59:40
43168.78,43150.83,43137.549,43144.895,43170.832,07:59:42
43168.78,43150.83,43137.571,43144.889,43170.824,07:59:45
43168.78,43150.83,43137.593,43144.883,43170.816,07:59:47
43168.78,43150.83,43137.615,43144.877,43170.807,07:59:50
43168.78,43150.83,43137.636,43144.871,43170.799,07:59:53
43168.78,43150.83,43137.658,43144.865,43170.791,07:59:55
43168.78,43150.83,43137.68,43144.859,43170.783,07:59:58
43168.811,43150.83,43137.7,43144.853,43170.774,08:00:00
43168.759,43150.83,43137.72,43144.847,43170.766,08:00:03
43168.76,43150.83,43137.738,43144.841,43170.758,08:00:06
43167.879,43150.83,43137.755,43144.834,43170.75,08:00:08
43167.879,43150.83,43137.772,43144.827,43170.741,08:00:11
43167.879,43150.83,43137.788,43144.82,43170.733,08:00:13
43167.88,43150.83,43137.805,43144.813,43170.724,08:00:16
43167.88,43150.83,43137.822,43144.807,43170.716,08:00:18
43167.88,43150.83,43137.838,43144.8,43170.707,08:00:20
43167.879,43150.83,43137.855,43144.793,43170.699,08:00:23
43167.879,43150.83,43137.872,43144.786,43170.69,08:00:26
43167.879,43150.83,43137.888,43144.779,43170.682,08:00:28
43167.879,43150.83,43137.905,43144.772,43170.673,08:00:30
43167.879,43150.83,43137.922,43144.77,43170.665,08:00:33
43167.879,43150.83,43137.938,43144.767,43170.656,08:00:36
43167.878,43150.83,43137.955,43144.765,43170.648,08:00:38
43167.879,43150.83,43137.972,43144.762,43170.639,08:00:41
43167.879,43150.83,43137.988,43144.76,43170.631,08:00:43
43167.879,43150.83,43138.005,43144.757,43170.622,08:00:46
43167.879,43150.83,43138.022,43144.757,43170.614,08:00:48
43167.879,43150.83,43138.038,43144.757,43170.605,08:00:51
43167.879,43150.83,43138.055,43144.756,43170.597,08:00:53
43167.879,43150.83,43138.072,43144.756,43170.589,08:00:56
43167.879,43150.83,43138.088,43144.755,43170.58,08:00:58
43167.879,43150.83,43138.105,43144.755,43170.572,08:01:01
43167.879,43150.83,43138.122,43144.754,43170.563,08:01:03
43167.879,43150.83,43138.138,43144.754,43170.555,08:01:06
43167.879,43150.83,43138.155,43144.754,43170.546,08:01:09
43167.879,43150.83,43138.172,43144.753,43170.538,08:01:11
43167.879,43150.83,43138.188,43144.753,43170.529,08:01:14
43167.879,43150.83,43138.205,43144.752,43170.521,08:01:16
43167.876,43150.83,43138.222,43144.752,43170.512,08:01:19
43167.876,43150.83,43138.238,43144.751,43170.504,08:01:21
43167.876,43150.83,43138.255,43144.751,43170.495,08:01:24
43167.876,43150.83,43138.272,43144.751,43170.487,08:01:27
43167.876,43150.83,43138.288,43144.751,43170.478,08:01:29
43167.876,43150.83,43138.305,43144.76,43170.47,08:01:32
43167.876,43150.83,43138.322,43144.77,43170.461,08:01:35
43167.876,43150.83,43138.338,43144.78,43170.453,08:01:37
43167.876,43150.83,43138.367,43144.79,43170.444,08:01:40
43167.876,43150.83,43138.396,43144.799,43170.436,08:01:42
43167.876,43150.83,43138.425,43144.809,43170.427,08:01:45
43167.876,43150.83,43138.454,43144.819,43170.419,08:01:48
43167.876,43150.83,43138.483,43144.829,43170.41,08:01:50
43167.876,43150.83,43138.512,43144.838,43170.402,08:01:52
43167.876,43150.83,43138.54,43144.848,43170.393,08:01:55
43165.989,43150.83,43138.566,43144.856,43170.384,08:01:58
43165.989,43150.83,43138.592,43144.864,43170.375,08:02:00
43163.939,43150.83,43138.614,43144.87,43170.365,08:02:03
43163.939,43150.83,43138.637,43144.876,43170.355,08:02:05
43163.939,43150.83,43138.66,43144.881,43170.345,08:02:08
43163.939,43150.83,43138.685,43144.887,43170.335,08:02:10
43163.939,43150.83,43138.71,43144.893,43170.325,08:02:13
43163.939,43150.83,43138.735,43144.899,43170.315,08:02:15
43163.939,43150.83,43138.76,43144.905,43170.305,08:02:18
43163.939,43150.83,43138.785,43144.911,43170.295,08:02:20
43163.939,43150.83,43138.809,43144.917,43170.286,08:02:23
43163.939,43150.83,43138.834,43144.923,43170.276,08:02:25
43163.939,43150.83,43138.859,43144.928,43170.266,08:02:28
43163.939,43150.83,43138.884,43144.934,43170.258,08:02:30
43163.939,43150.83,43138.909,43144.94,43170.251,08:02:33
43163.939,43150.83,43138.934,43144.946,43170.244,08:02:35
43163.939,43150.83,43138.959,43144.952,43170.237,08:02:38
43163.939,43150.83,43138.984,43144.958,43170.231,08:02:40
43163.939,43150.83,43139.009,43144.964,43170.225,08:02:43
43163.939,43150.83,43139.034,43144.964,43170.219,08:02:45
43163.939,43150.83,43139.059,43144.964,43170.214,08:02:48
43163.929,43150.83,43139.084,43144.964,43170.208,08:02:50
43163.929,43150.83,43139.11,43144.963,43170.202,08:02:53
43163.928,43150.83,43139.135,43144.967,43170.196,08:02:55
43163.928,43150.83,43139.166,43144.972,43170.19,08:02:58
43163.928,43150.83,43139.196,43144.976,43170.184,08:03:01
43163.929,43150.83,43139.227,43144.98,43170.178,08:03:03
43163.929,43150.83,43139.258,43144.984,43170.172,08:03:06
43163.929,43150.83,43139.289,43144.988,43170.166,08:03:08
43163.929,43150.83,43139.319,43144.992,43170.16,08:03:11
43163.929,43150.83,43139.35,43144.996,43170.154,08:03:13
43163.929,43150.83,43139.381,43145.0,43170.148,08:03:16
43163.928,43150.83,43139.412,43145.004,43170.142,08:03:18
43163.928,43150.83,43139.442,43145.01,43170.136,08:03:21
43163.929,43150.83,43139.473,43145.016,43170.13,08:03:23
43163.929,43150.83,43139.508,43145.021,43170.124,08:03:26
43163.929,43150.83,43139.543,43145.027,43170.118,08:03:28
43163.929,43150.83,43139.583,43145.033,43170.112,08:03:31
43163.929,43150.83,43139.627,43145.039,43170.106,08:03:34
43163.929,43150.83,43139.672,43145.045,43170.1,08:03:36
43163.93,43150.83,43139.717,43145.051,43170.094,08:03:39
43163.929,43150.83,43139.762,43145.057,43170.088,08:03:41
43163.929,43150.83,43139.807,43145.062,43170.083,08:03:44
43163.929,43150.83,43139.852,43145.068,43170.077,08:03:46
43163.929,43150.83,43139.898,43145.074,43170.071,08:03:49
43163.929,43150.83,43139.943,43145.08,43170.065,08:03:51
43163.929,43150.83,43139.988,43145.086,43170.059,08:03:54
43163.928,43150.83,43140.041,43145.092,43170.053,08:03:57
43163.928,43150.83,43140.093,43145.098,43170.047,08:03:59
43163.928,43150.83,43140.146,43145.104,43170.041,08:04:01
43163.928,43150.83,43140.199,43145.109,43170.035,08:04:04
43163.928,43150.83,43140.252,43145.115,43170.029,08:04:06
43163.929,43150.83,43140.305,43145.121,43170.023,08:04:09
43163.928,43150.83,43140.358,43145.127,43170.017,08:04:11
43163.929,43150.83,43140.41,43145.133,43170.011,08:04:14
43163.93,43150.83,43140.463,43145.139,43170.005,08:04:16
43163.929,43150.83,43140.516,43145.145,43169.999,08:04:19
43163.929,43150.83,43140.569,43145.15,43169.993,08:04:21
43163.929,43150.83,43140.622,43145.156,43169.987,08:04:24
43163.929,43150.83,43140.675,43145.162,43169.981,08:04:27
43163.929,43150.83,43140.727,43145.168,43169.975,08:04:29
43163.929,43150.83,43140.78,43145.174,43169.967,08:04:32
43163.929,43150.83,43140.833,43145.18,43169.958,08:04:34
43163.929,43150.83,43140.886,43145.186,43169.95,08:04:37
43163.929,43150.83,43140.939,43145.192,43169.941,08:04:40
43163.929,43150.83,43140.992,43145.198,43169.931,08:04:42
43163.929,43150.83,43141.044,43145.205,43169.921,08:04:45
43163.929,43150.83,43141.097,43145.213,43169.912,08:04:47
43163.929,43150.83,43141.15,43145.221,43169.902,08:04:49
43163.929,43150.83,43141.203,43145.229,43169.892,08:04:52
43163.929,43150.83,43141.256,43145.237,43169.882,08:04:54
43163.929,43150.83,43141.309,43145.246,43169.872,08:04:57
43163.929,43150.83,43141.361,43145.254,43169.862,08:04:59
43163.929,43150.83,43141.414,43145.262,43169.852,08:05:02
43163.93,43150.83,43141.467,43145.27,43169.842,08:05:04
43163.929,43150.83,43141.52,43145.278,43169.832,08:05:07
43163.929,43150.83,43141.573,43145.286,43169.822,08:05:09
43163.929,43150.83,43141.639,43145.294,43169.812,08:05:12
43163.929,43150.83,43141.706,43145.302,43169.801,08:05:15
43163.929,43150.83,43141.772,43145.31,43169.792,08:05:17
43163.929,43150.83,43141.839,43145.319,43169.783,08:05:20
43163.929,43150.83,43141.906,43145.327,43169.775,08:05:22
43163.929,43150.83,43141.972,43145.335,43169.769,08:05:25
43163.929,43150.83,43142.039,43145.343,43169.762,08:05:27
43163.929,43150.83,43142.105,43145.351,43169.755,08:05:30
43163.929,43150.83,43142.172,43145.359,43169.749,08:05:32
43163.929,43150.83,43142.233,43145.367,43169.743,08:05:35
43163.93,43150.83,43142.295,43145.375,43169.737,08:05:37
43163.929,43150.83,43142.356,43145.384,43169.731,08:05:40
43163.93,43150.83,43142.417,43145.392,43169.725,08:05:42
43163.93,43150.83,43142.475,43145.401,43169.719,08:05:45
43163.93,43150.83,43142.533,43145.411,43169.714,08:05:47
43163.93,43150.83,43142.591,43145.42,43169.708,08:05:50
43163.93,43150.83,43142.647,43145.43,43169.702,08:05:52
43163.93,43150.83,43142.701,43145.44,43169.696,08:05:55
43163.93,43150.83,43142.756,43145.449,43169.69,08:05:57
43163.93,43150.83,43142.81,43145.459,43169.684,08:06:00
43163.93,43150.83,43142.864,43145.468,43169.678,08:06:02
43163.93,43150.83,43142.919,43145.478,43169.672,08:06:05
43163.93,43150.83,43142.973,43145.488,43169.666,08:06:07
43163.93,43150.83,43143.027,43145.497,43169.66,08:06:10
43163.93,43150.83,43143.082,43145.507,43169.654,08:06:12
43163.93,43150.83,43143.136,43145.516,43169.648,08:06:15
43163.929,43150.83,43143.19,43145.526,43169.642,08:06:18
43158.008,43150.83,43143.235,43145.53,43169.634,08:06:20
43158.009,43150.83,43143.279,43145.534,43169.626,08:06:23
43158.008,43150.83,43143.324,43145.537,43169.618,08:06:25
43158.008,43150.83,43143.368,43145.541,43169.61,08:06:28
43158.008,43150.83,43143.413,43145.545,43169.601,08:06:30
43158.009,43150.83,43143.457,43145.549,43169.593,08:06:33
43158.01,43150.83,43143.502,43145.551,43169.585,08:06:36
43158.009,43150.83,43143.546,43145.553,43169.577,08:06:38
43158.008,43150.83,43143.59,43145.556,43169.569,08:06:40
43158.008,43150.83,43143.635,43145.558,43169.561,08:06:43
43158.008,43150.83,43143.679,43145.56,43169.552,08:06:45
43158.008,43150.83,43143.73,43145.563,43169.544,08:06:48
43158.008,43150.83,43143.782,43145.563,43169.536,08:06:51
43158.008,43150.83,43143.833,43145.562,43169.528,08:06:53
43158.009,43150.83,43143.884,43145.561,43169.52,08:06:56
43158.009,43150.83,43143.935,43145.559,43169.512,08:06:58
43158.009,43150.83,43143.986,43145.558,43169.503,08:07:01
43158.009,43150.83,43144.037,43145.556,43169.495,08:07:03
43158.006,43150.83,43144.088,43145.555,43169.487,08:07:06
43158.005,43150.83,43144.139,43145.553,43169.479,08:07:08
43158.005,43150.83,43144.19,43145.552,43169.471,08:07:11
43158.006,43150.83,43144.242,43145.55,43169.463,08:07:13
43158.007,43150.83,43144.293,43145.548,43169.455,08:07:16
43158.007,43150.83,43144.344,43145.547,43169.446,08:07:18
43158.007,43150.83,43144.395,43145.546,43169.438,08:07:21
43158.007,43150.83,43144.446,43145.544,43169.43,08:07:24
43158.009,43150.83,43144.503,43145.543,43169.422,08:07:26
43158.009,43150.83,43144.559,43145.541,43169.414,08:07:29
43158.01,43150.83,43144.616,43145.54,43169.406,08:07:31
43158.009,43150.83,43144.673,43145.539,43169.397,08:07:34
43158.009,43150.83,43144.73,43145.537,43169.389,08:07:36
43158.009,43150.83,43144.786,43145.536,43169.381,08:07:39
43158.009,43150.83,43144.843,43145.535,43169.373,08:07:41
43158.009,43150.83,43144.9,43145.533,43169.365,08:07:44
43158.009,43150.83,43144.956,43145.532,43169.357,08:07:47
43158.009,43150.83,43145.013,43145.53,43169.348,08:07:49
43158.009,43150.83,43145.07,43145.529,43169.34,08:07:52
43158.009,43150.83,43145.126,43145.528,43169.332,08:07:54
43158.009,43150.83,43145.183,43145.526,43169.324,08:07:57
43158.009,43150.83,43145.24,43145.525,43169.316,08:07:59
43158.009,43150.83,43145.297,43145.523,43169.308,08:08:02
43158.01,43150.83,43145.353,43145.522,43169.3,08:08:04
43158.009,43150.83,43145.41,43145.521,43169.291,08:08:07
43157.969,43150.83,43145.467,43145.523,43169.283,08:08:09
43157.969,43150.83,43145.523,43145.525,43169.275,08:08:12
43157.969,43150.83,43145.58,43145.527,43169.267,08:08:14
43201.12696899999,08:08:14
43157.969,43150.83,43145.636,43145.53,43169.259,08:08:17
43157.97,43150.83,43145.693,43145.532,43169.251,08:08:20
43157.97,43150.83,43145.76,43145.534,43169.242,08:08:22
43157.97,43150.83,43145.827,43145.536,43169.234,08:08:25
43157.97,43150.83,43145.894,43145.539,43169.226,08:08:28
43157.969,43150.83,43145.961,43145.541,43169.218,08:08:30
43157.969,43150.83,43146.028,43145.543,43169.21,08:08:33
43157.969,43150.83,43146.099,43145.545,43169.201,08:08:35
43157.969,43150.83,43146.175,43145.548,43169.193,08:08:38
43157.969,43150.83,43146.25,43145.55,43169.185,08:08:40
43157.969,43150.83,43146.325,43145.552,43169.177,08:08:43
43157.969,43150.83,43146.4,43145.554,43169.169,08:08:46
43157.969,43150.83,43146.475,43145.557,43169.161,08:08:48
43157.969,43150.83,43146.555,43145.559,43169.152,08:08:51
43157.969,43150.83,43146.64,43145.561,43169.144,08:08:53
43157.964,43150.83,43146.726,43145.563,43169.136,08:08:56
43157.964,43150.83,43146.811,43145.566,43169.128,08:08:58
43157.964,43150.83,43146.897,43145.568,43169.12,08:09:01
43157.963,43150.83,43146.982,43145.57,43169.112,08:09:03
43157.963,43150.83,43147.08,43145.572,43169.103,08:09:06
43157.963,43150.83,43147.184,43145.574,43169.095,08:09:08
43157.964,43150.83,43147.288,43145.578,43169.087,08:09:11
43157.964,43150.83,43147.392,43145.582,43169.079,08:09:13
43157.963,43150.83,43147.496,43145.586,43169.071,08:09:16
43157.963,43150.83,43147.594,43145.59,43169.063,08:09:19
43157.963,43150.83,43147.684,43145.593,43169.054,08:09:21
43157.964,43150.83,43147.774,43145.597,43169.046,08:09:24
43157.964,43150.83,43147.864,43145.601,43169.038,08:09:26
43157.964,43150.83,43147.949,43145.605,43169.03,08:09:28
43157.964,43150.83,43148.035,43145.609,43169.022,08:09:31
43157.964,43150.83,43148.115,43145.612,43169.013,08:09:33
43157.964,43150.83,43148.193,43145.616,43169.005,08:09:36
43157.964,43150.83,43148.27,43145.62,43168.997,08:09:38
43157.964,43150.83,43148.346,43145.624,43168.989,08:09:41
43157.964,43150.83,43148.423,43145.628,43168.981,08:09:43
43157.964,43150.83,43148.5,43145.631,43168.973,08:09:46
43157.964,43150.83,43148.576,43145.635,43168.964,08:09:48
43157.967,43150.83,43148.653,43145.639,43168.956,08:09:51
43157.967,43150.83,43148.73,43145.643,43168.948,08:09:54
43157.967,43150.83,43148.806,43145.647,43168.94,08:09:56
43157.967,43150.83,43148.883,43145.65,43168.932,08:09:59
43151.109,43150.83,43148.947,43145.647,43168.921,08:10:01
43151.109,43150.83,43149.007,43145.644,43168.91,08:10:04
43151.109,43150.83,43149.067,43145.642,43168.9,08:10:06
43151.109,43150.83,43149.126,43145.639,43168.889,08:10:09
43151.109,43150.83,43149.186,43145.636,43168.878,08:10:11
43151.109,43150.83,43149.245,43145.633,43168.867,08:10:14
43151.109,43150.83,43149.305,43145.63,43168.857,08:10:16
43151.109,43150.83,43149.364,43145.627,43168.846,08:10:19
43151.109,43150.83,43149.424,43145.624,43168.835,08:10:21
43151.109,43150.83,43149.483,43145.621,43168.825,08:10:24
43151.109,43150.83,43149.543,43145.618,43168.814,08:10:26
43148.329,43150.83,43149.595,43145.612,43168.799,08:10:29
43147.259,43150.83,43149.646,43145.606,43168.783,08:10:31
43147.259,43150.83,43149.696,43145.599,43168.767,08:10:34
43147.259,43150.83,43149.746,43145.592,43168.751,08:10:36
43147.258,43150.83,43149.797,43145.586,43168.735,08:10:39
43147.258,43150.83,43149.847,43145.579,43168.72,08:10:41
43147.258,43150.83,43149.898,43145.572,43168.704,08:10:44
43147.258,43150.83,43149.948,43145.566,43168.688,08:10:46
43147.258,43150.83,43149.999,43145.559,43168.672,08:10:49
43147.258,43150.83,43150.049,43145.552,43168.657,08:10:51
43147.26,43150.83,43150.099,43145.545,43168.641,08:10:54
43147.259,43150.83,43150.15,43145.539,43168.625,08:10:56
43147.258,43150.83,43150.2,43145.532,43168.609,08:10:59
43141.994,43150.83,43150.242,43145.52,43168.592,08:11:02
43141.995,43150.83,43150.284,43145.508,43168.574,08:11:04
43141.994,43150.83,43150.325,43145.496,43168.556,08:11:07
43141.994,43150.83,43150.367,43145.485,43168.538,08:11:09
43141.994,43150.83,43150.409,43145.473,43168.521,08:11:12
43141.996,43150.83,43150.45,43145.461,43168.503,08:11:14
43141.995,43150.83,43150.492,43145.449,43168.485,08:11:17
43141.995,43150.83,43150.534,43145.437,43168.468,08:11:19
43141.996,43150.83,43150.575,43145.425,43168.45,08:11:22
43141.996,43150.83,43150.617,43145.413,43168.432,08:11:24
43141.996,43150.83,43150.659,43145.401,43168.414,08:11:27
43133.564,43150.83,43150.686,43145.381,43168.397,08:11:29
43129.315,43150.83,43150.707,43145.357,43168.378,08:11:32
43129.313,43150.83,43150.727,43145.333,43168.36,08:11:34
43129.311,43150.83,43150.748,43145.308,43168.341,08:11:37
43129.314,43150.83,43150.768,43145.284,43168.322,08:11:39
43129.316,43150.83,43150.789,43145.26,43168.303,08:11:42
43126.008,43150.83,43150.804,43145.232,43168.283,08:11:44
43126.007,43150.83,43150.819,43145.205,43168.263,08:11:47
43126.008,43150.83,43150.834,43145.177,43168.243,08:11:49
43126.008,43150.83,43150.849,43145.15,43168.223,08:11:52
43126.008,43150.83,43150.864,43145.122,43168.203,08:11:54
43126.008,43150.83,43150.879,43145.095,43168.183,08:11:57
43126.008,43150.83,43150.906,43145.067,43168.163,08:11:59
43126.008,43150.83,43150.932,43145.04,43168.143,08:12:02
43126.008,43150.83,43150.959,43145.012,43168.12,08:12:04
43126.008,43150.83,43150.986,43144.987,43168.097,08:12:07
43126.008,43150.83,43151.012,43144.963,43168.073,08:12:09
43126.004,43150.83,43151.039,43144.938,43168.05,08:12:12
43126.007,43150.83,43151.066,43144.914,43168.026,08:12:14
43126.007,43150.83,43151.092,43144.889,43168.003,08:12:17
43126.005,43150.83,43151.119,43144.864,43167.979,08:12:19
43126.005,43150.83,43151.146,43144.84,43167.956,08:12:22
43126.007,43150.83,43151.172,43144.815,43167.932,08:12:24
43126.004,43150.83,43151.199,43144.791,43167.909,08:12:27
43126.003,43150.83,43151.226,43144.766,43167.885,08:12:30
43129.31,43150.83,43151.258,43144.745,43167.863,08:12:32
43133.991,43150.83,43151.298,43144.728,43167.842,08:12:35
43133.99,43150.83,43151.338,43144.711,43167.822,08:12:37
43133.99,43150.83,43151.378,43144.694,43167.801,08:12:40
43133.99,43150.83,43151.418,43144.686,43167.78,08:12:42
43135.33,43150.83,43151.46,43144.679,43167.76,08:12:45
43135.36,43150.83,43151.502,43144.673,43167.74,08:12:47
43135.98,43150.83,43151.545,43144.668,43167.721,08:12:50
43135.982,43150.83,43151.589,43144.663,43167.701,08:12:52
43135.982,43150.83,43151.632,43144.658,43167.681,08:12:55
43135.982,43150.83,43151.675,43144.653,43167.661,08:12:57
43135.981,43150.83,43151.719,43144.649,43167.641,08:13:00
43135.982,43150.83,43151.762,43144.645,43167.621,08:13:03
43135.983,43150.83,43151.805,43144.641,43167.602,08:13:05
43135.982,43150.83,43151.848,43144.637,43167.582,08:13:08
43135.982,43150.83,43151.892,43144.633,43167.562,08:13:10
43135.983,43150.83,43151.935,43144.629,43167.542,08:13:12
43135.981,43150.83,43151.978,43144.625,43167.522,08:13:15
43135.982,43150.83,43152.021,43144.622,43167.502,08:13:18
43135.981,43150.83,43152.065,43144.618,43167.482,08:13:21
43135.981,43150.83,43152.108,43144.614,43167.463,08:13:23
43135.981,43150.83,43152.151,43144.61,43167.443,08:13:26
43135.981,43150.83,43152.194,43144.606,43167.423,08:13:28
43129.315,43150.83,43152.227,43144.595,43167.401,08:13:31
43129.315,43150.83,43152.259,43144.616,43167.378,08:13:36
43129.316,43150.83,43152.291,43144.613,43167.356,08:13:38
43129.316,43150.83,43152.313,43144.61,43167.334,08:13:40
43129.317,43150.83,43152.335,43144.608,43167.311,08:13:43
43129.318,43150.83,43152.357,43144.605,43167.289,08:13:45
43129.318,43150.83,43152.378,43144.602,43167.267,08:13:48
43129.318,43150.83,43152.399,43144.599,43167.244,08:13:50
43129.319,43150.83,43152.42,43144.596,43167.222,08:13:53
43129.319,43150.83,43152.441,43144.593,43167.2,08:13:55
43129.319,43150.83,43152.458,43144.587,43167.178,08:13:58
43126.014,43150.83,43152.469,43144.573,43167.154,08:14:00
43126.016,43150.83,43152.481,43144.554,43167.13,08:14:03
43126.017,43150.83,43152.492,43144.535,43167.107,08:14:05
43126.017,43150.83,43152.504,43144.512,43167.083,08:14:08
43126.017,43150.83,43152.515,43144.489,43167.06,08:14:10
43126.018,43150.83,43152.527,43144.466,43167.036,08:14:13
43126.018,43150.83,43152.538,43144.443,43167.013,08:14:15
43126.018,43150.83,43152.55,43144.42,43166.989,08:14:18
43126.018,43150.83,43152.548,43144.397,43166.966,08:14:20
43126.017,43150.83,43152.545,43144.374,43166.942,08:14:23
43126.017,43150.83,43152.536,43144.351,43166.919,08:14:25
43126.017,43150.83,43152.524,43144.328,43166.895,08:14:28
43126.017,43150.83,43152.51,43144.305,43166.872,08:14:30
43126.018,43150.83,43152.496,43144.282,43166.848,08:14:33
43126.018,43150.83,43152.481,43144.259,43166.825,08:14:35
43126.015,43150.83,43152.467,43144.236,43166.801,08:14:38
43126.016,43150.83,43152.452,43144.212,43166.777,08:14:40
43126.016,43150.83,43152.434,43144.189,43166.754,08:14:43
43126.016,43150.83,43152.412,43144.166,43166.73,08:14:45
43126.016,43150.83,43152.385,43144.143,43166.707,08:14:48
43126.016,43150.83,43152.359,43144.12,43166.683,08:14:50
43126.016,43150.83,43152.333,43144.097,43166.66,08:14:53
43126.016,43150.83,43152.307,43144.074,43166.636,08:14:56
43126.016,43150.83,43152.281,43144.051,43166.613,08:14:58
43126.017,43150.83,43152.254,43144.028,43166.589,08:15:01
43122.809,43150.83,43152.223,43144.001,43166.565,08:15:03
43115.399,43150.83,43152.179,43143.968,43166.537,08:15:06
43115.399,43150.83,43152.135,43143.934,43166.51,08:15:08
43115.398,43150.83,43152.091,43143.901,43166.482,08:15:11
43115.391,43150.83,43152.047,43143.867,43166.455,08:15:13
43115.391,43150.83,43152.003,43143.834,43166.427,08:15:16
43115.393,43150.83,43151.959,43143.8,43166.4,08:15:18
43115.393,43150.83,43151.915,43143.767,43166.373,08:15:21
43115.393,43150.83,43151.872,43143.733,43166.345,08:15:23
43115.394,43150.83,43151.828,43143.7,43166.318,08:15:26
43115.395,43150.83,43151.784,43143.666,43166.29,08:15:28
43115.395,43150.83,43151.74,43143.633,43166.263,08:15:31
43115.393,43150.83,43151.696,43143.599,43166.235,08:15:33
43115.395,43150.83,43151.652,43143.566,43166.208,08:15:36
43115.395,43150.83,43151.608,43143.532,43166.18,08:15:38
43115.393,43150.83,43151.564,43143.499,43166.153,08:15:41
43115.394,43150.83,43151.52,43143.465,43166.126,08:15:43
43115.394,43150.83,43151.476,43143.432,43166.098,08:15:46
43115.394,43150.83,43151.432,43143.398,43166.071,08:15:48
43115.394,43150.83,43151.389,43143.365,43166.043,08:15:51
43115.394,43150.83,43151.345,43143.333,43166.016,08:15:53
43115.394,43150.83,43151.301,43143.3,43165.988,08:15:56
43115.394,43150.83,43151.257,43143.267,43165.961,08:15:58
43115.394,43150.83,43151.213,43143.234,43165.936,08:16:01
43115.394,43150.83,43151.169,43143.201,43165.911,08:16:03
43115.394,43150.83,43151.125,43143.169,43165.886,08:16:06
43115.395,43150.83,43151.081,43143.136,43165.861,08:16:09
43115.396,43150.83,43151.037,43143.103,43165.835,08:16:11
43115.396,43150.83,43150.993,43143.07,43165.81,08:16:14
43115.396,43150.83,43150.95,43143.031,43165.785,08:16:16
43115.396,43150.83,43150.906,43142.991,43165.76,08:16:19
43115.394,43150.83,43150.862,43142.952,43165.735,08:16:21
43115.394,43150.83,43150.818,43142.912,43165.71,08:16:24
43115.395,43150.83,43150.774,43142.873,43165.685,08:16:26
43115.393,43150.83,43150.73,43142.833,43165.66,08:16:28
43115.393,43150.83,43150.686,43142.794,43165.635,08:16:31
43115.393,43150.83,43150.642,43142.754,43165.61,08:16:33
43115.393,43150.83,43150.598,43142.715,43165.585,08:16:36
43115.393,43150.83,43150.554,43142.675,43165.56,08:16:39
43115.393,43150.83,43150.51,43142.636,43165.535,08:16:41
43115.393,43150.83,43150.467,43142.596,43165.51,08:16:44
43115.394,43150.83,43150.423,43142.557,43165.485,08:16:46
43115.394,43150.83,43150.379,43142.518,43165.46,08:16:49
43115.394,43150.83,43150.335,43142.478,43165.435,08:16:52
43113.778,43150.83,43150.288,43142.437,43165.409,08:16:54
43113.778,43150.83,43150.242,43142.396,43165.383,08:16:56
43113.778,43150.83,43150.195,43142.355,43165.358,08:16:59
43113.777,43150.83,43150.148,43142.314,43165.332,08:17:02
43113.777,43150.83,43150.102,43142.273,43165.307,08:17:04
43113.777,43150.83,43150.055,43142.232,43165.281,08:17:07
43113.777,43150.83,43150.009,43142.19,43165.255,08:17:09
43113.777,43150.83,43149.962,43142.149,43165.23,08:17:12
43115.293,43150.83,43149.918,43142.11,43165.204,08:17:14
43115.298,43150.83,43149.874,43142.07,43165.177,08:17:17
43115.298,43150.83,43149.83,43142.031,43165.15,08:17:19
43115.298,43150.83,43149.786,43141.991,43165.122,08:17:22
43115.298,43150.83,43149.742,43141.951,43165.095,08:17:24
43115.298,43150.83,43149.69,43141.912,43165.067,08:17:27
43115.298,43150.83,43149.638,43141.872,43165.04,08:17:30
43115.298,43150.83,43149.587,43141.833,43165.012,08:17:32
43115.298,43150.83,43149.535,43141.793,43164.985,08:17:35
43115.298,43150.83,43149.484,43141.754,43164.957,08:17:37
43115.298,43150.83,43149.432,43141.714,43164.93,08:17:40
43115.298,43150.83,43149.381,43141.674,43164.902,08:17:42
43115.298,43150.83,43149.329,43141.634,43164.875,08:17:45
43115.298,43150.83,43149.278,43141.593,43164.847,08:17:48
43115.298,43150.83,43149.226,43141.551,43164.82,08:17:50
43115.298,43150.83,43149.175,43141.51,43164.792,08:17:52
43115.298,43150.83,43149.123,43141.468,43164.765,08:17:55
43115.298,43150.83,43149.072,43141.426,43164.737,08:17:57
43115.298,43150.83,43149.02,43141.384,43164.71,08:18:00
43115.298,43150.83,43148.968,43141.343,43164.682,08:18:02
43115.298,43150.83,43148.917,43141.301,43164.655,08:18:05
43115.298,43150.83,43148.865,43141.259,43164.628,08:18:07
43115.298,43150.83,43148.814,43141.217,43164.6,08:18:10
43115.298,43150.83,43148.762,43141.176,43164.573,08:18:13
43115.298,43150.83,43148.711,43141.134,43164.545,08:18:15
43115.296,43150.83,43148.659,43141.092,43164.518,08:18:18
43115.297,43150.83,43148.608,43141.05,43164.49,08:18:20
43115.297,43150.83,43148.556,43141.009,43164.463,08:18:23
43115.297,43150.83,43148.505,43140.967,43164.435,08:18:25
43115.297,43150.83,43148.453,43140.925,43164.408,08:18:28
43115.297,43150.83,43148.408,43140.883,43164.38,08:18:30
43115.297,43150.83,43148.364,43140.842,43164.352,08:18:33
43115.297,43150.83,43148.319,43140.8,43164.322,08:18:36
43115.297,43150.83,43148.274,43140.758,43164.291,08:18:38
43115.297,43150.83,43148.23,43140.716,43164.26,08:18:41
43115.294,43150.83,43148.185,43140.675,43164.23,08:18:43
43115.293,43150.83,43148.141,43140.633,43164.199,08:18:46
43115.294,43150.83,43148.096,43140.591,43164.168,08:18:48
43115.295,43150.83,43148.051,43140.55,43164.138,08:18:51
43115.295,43150.83,43148.007,43140.508,43164.107,08:18:53
43115.295,43150.83,43147.962,43140.466,43164.076,08:18:56
43115.296,43150.83,43147.917,43140.424,43164.046,08:18:58
43115.296,43150.83,43147.873,43140.383,43164.015,08:19:01
43115.296,43150.83,43147.828,43140.341,43163.984,08:19:04
43115.296,43150.83,43147.784,43140.299,43163.953,08:19:06
43115.295,43150.83,43147.739,43140.257,43163.923,08:19:09
43115.295,43150.83,43147.694,43140.216,43163.892,08:19:11
43115.294,43150.83,43147.65,43140.174,43163.861,08:19:14
43115.294,43150.83,43147.605,43140.132,43163.831,08:19:16
43115.295,43150.83,43147.558,43140.09,43163.8,08:19:19
43115.294,43150.83,43147.511,43140.049,43163.769,08:19:21
43115.294,43150.83,43147.463,43140.014,43163.738,08:19:24
43115.294,43150.83,43147.415,43139.979,43163.708,08:19:26
43115.294,43150.83,43147.367,43139.945,43163.677,08:19:29
43115.294,43150.83,43147.319,43139.91,43163.646,08:19:32
43115.294,43150.83,43147.27,43139.876,43163.615,08:19:34
43115.294,43150.83,43147.221,43139.841,43163.585,08:19:37
43115.297,43150.83,43147.171,43139.807,43163.554,08:19:39
43115.297,43150.83,43147.122,43139.772,43163.523,08:19:42
43115.297,43150.83,43147.071,43139.737,43163.492,08:19:44
43115.297,43150.83,43147.019,43139.703,43163.461,08:19:47
43115.297,43150.83,43146.968,43139.668,43163.431,08:19:50
43115.297,43150.83,43146.916,43139.634,43163.399,08:19:52
43115.298,43150.83,43146.865,43139.601,43163.367,08:19:55
43115.297,43150.83,43146.813,43139.568,43163.335,08:19:57
43115.298,43150.83,43146.761,43139.535,43163.304,08:20:00
43115.298,43150.83,43146.709,43139.502,43163.272,08:20:02
43115.298,43150.83,43146.651,43139.469,43163.24,08:20:05
43115.298,43150.83,43146.593,43139.436,43163.208,08:20:08
43115.298,43150.83,43146.534,43139.403,43163.176,08:20:10
43115.299,43150.83,43146.471,43139.37,43163.145,08:20:13
43115.298,43150.83,43146.408,43139.337,43163.113,08:20:15
43115.298,43150.83,43146.344,43139.304,43163.081,08:20:17
43115.297,43150.83,43146.281,43139.271,43163.049,08:20:20
43115.297,43150.83,43146.217,43139.238,43163.018,08:20:23
43115.295,43150.83,43146.154,43139.205,43162.986,08:20:25
43115.295,43150.83,43146.09,43139.172,43162.954,08:20:27
43115.295,43150.83,43146.027,43139.139,43162.922,08:20:30
43115.295,43150.83,43145.963,43139.106,43162.89,08:20:32
43115.295,43150.83,43145.9,43139.073,43162.859,08:20:35
43115.295,43150.83,43145.836,43139.041,43162.827,08:20:37
43115.293,43150.83,43145.773,43139.008,43162.795,08:20:40
43115.293,43150.83,43145.709,43138.978,43162.763,08:20:43
43115.293,43150.83,43145.646,43138.949,43162.732,08:20:45
43115.293,43150.83,43145.582,43138.919,43162.7,08:20:47
43115.293,43150.83,43145.519,43138.889,43162.668,08:20:50
43115.293,43150.83,43145.455,43138.86,43162.636,08:20:53
43115.293,43150.83,43145.392,43138.83,43162.604,08:20:55
43115.293,43150.83,43145.328,43138.801,43162.573,08:20:57
43115.293,43150.83,43145.265,43138.771,43162.541,08:21:00
43115.293,43150.83,43145.201,43138.741,43162.509,08:21:03
43115.293,43150.83,43145.138,43138.712,43162.477,08:21:05
43115.293,43150.83,43145.074,43138.682,43162.446,08:21:08
43115.293,43150.83,43145.011,43138.655,43162.414,08:21:10
43115.293,43150.83,43144.947,43138.628,43162.382,08:21:13
43115.293,43150.83,43144.884,43138.604,43162.35,08:21:16
43115.293,43150.83,43144.82,43138.582,43162.318,08:21:18
43115.293,43150.83,43144.757,43138.561,43162.287,08:21:21
43115.293,43150.83,43144.692,43138.54,43162.255,08:21:23
43115.293,43150.83,43144.628,43138.519,43162.223,08:21:26
43115.293,43150.83,43144.563,43138.497,43162.191,08:21:28
43129.34,43150.83,43144.522,43138.49,43162.165,08:21:31
43131.092,43150.83,43144.484,43138.484,43162.139,08:21:33
43131.092,43150.83,43144.445,43138.479,43162.113,08:21:36
43131.091,43150.83,43144.407,43138.473,43162.087,08:21:39
43131.092,43150.83,43144.369,43138.472,43162.061,08:21:41
43131.091,43150.83,43144.33,43138.471,43162.035,08:21:44
43131.092,43150.83,43144.292,43138.47,43162.009,08:21:46
43131.092,43150.83,43144.254,43138.468,43161.983,08:21:48
43131.092,43150.83,43144.215,43138.467,43161.957,08:21:51
43131.092,43150.83,43144.177,43138.466,43161.931,08:21:54
43131.091,43150.83,43144.138,43138.465,43161.905,08:21:56
43131.091,43150.83,43144.098,43138.464,43161.879,08:21:59
43131.091,43150.83,43144.057,43138.463,43161.853,08:22:01
43131.09,43150.83,43144.017,43138.462,43161.828,08:22:04
43135.181,43150.83,43143.983,43138.465,43161.803,08:22:06
43135.18,43150.83,43143.949,43138.468,43161.779,08:22:09
43139.49,43150.83,43143.923,43138.475,43161.756,08:22:11
43139.99,43150.83,43143.897,43138.482,43161.733,08:22:14
43139.991,43150.83,43143.872,43138.49,43161.711,08:22:16
43139.991,43150.83,43143.846,43138.498,43161.688,08:22:19
43141.031,43150.83,43143.822,43138.506,43161.666,08:22:21
43141.03,43150.83,43143.799,43138.515,43161.643,08:22:24
43141.03,43150.83,43143.792,43138.523,43161.621,08:22:26
43141.03,43150.83,43143.785,43138.532,43161.598,08:22:29
43141.03,43150.83,43143.779,43138.541,43161.576,08:22:31
43141.03,43150.83,43143.772,43138.549,43161.553,08:22:34
43141.03,43150.83,43143.766,43138.558,43161.531,08:22:36
43141.03,43150.83,43143.759,43138.567,43161.508,08:22:39
43141.03,43150.83,43143.732,43138.575,43161.486,08:22:42
43141.03,43150.83,43143.703,43138.584,43161.463,08:22:44
43141.03,43150.83,43143.673,43138.592,43161.441,08:22:46
43141.06,43150.83,43143.644,43138.601,43161.418,08:22:49
43141.06,43150.83,43143.615,43138.61,43161.395,08:22:51
43141.061,43150.83,43143.585,43138.618,43161.373,08:22:54
43141.061,43150.83,43143.556,43138.635,43161.35,08:22:57
43141.061,43150.83,43143.527,43138.652,43161.328,08:22:59
43141.061,43150.83,43143.497,43138.669,43161.308,08:23:02
43141.061,43150.83,43143.468,43138.685,43161.289,08:23:05
43141.061,43150.83,43143.438,43138.702,43161.273,08:23:08
43141.061,43150.83,43143.409,43138.719,43161.256,08:23:10
43141.061,43150.83,43143.38,43138.736,43161.239,08:23:13
43141.061,43150.83,43143.349,43138.752,43161.223,08:23:15
43141.061,43150.83,43143.318,43138.769,43161.206,08:23:17
43141.061,43150.83,43143.287,43138.783,43161.189,08:23:20
43141.061,43150.83,43143.254,43138.796,43161.173,08:23:22
43141.061,43150.83,43143.217,43138.81,43161.156,08:23:25
43141.99,43150.83,43143.182,43138.825,43161.14,08:23:27
43141.99,43150.83,43143.147,43138.837,43161.123,08:23:30
43141.99,43150.83,43143.111,43138.85,43161.107,08:23:32
43141.99,43150.83,43143.076,43138.862,43161.091,08:23:35
43141.99,43150.83,43143.041,43138.874,43161.075,08:23:38
43141.99,43150.83,43143.006,43138.884,43161.058,08:23:40
43141.99,43150.83,43142.971,43138.895,43161.042,08:23:43
43141.99,43150.83,43142.936,43138.905,43161.026,08:23:45
43141.99,43150.83,43142.901,43138.916,43161.009,08:23:48
43141.99,43150.83,43142.865,43138.926,43160.993,08:23:50
43141.99,43150.83,43142.83,43138.936,43160.978,08:23:53
43141.99,43150.83,43142.795,43138.947,43160.963,08:23:55
43141.99,43150.83,43142.76,43138.957,43160.948,08:23:58
43141.991,43150.83,43142.725,43138.968,43160.934,08:24:00
43141.991,43150.83,43142.69,43138.978,43160.919,08:24:03
43141.991,43150.83,43142.655,43138.989,43160.905,08:24:06
43141.991,43150.83,43142.619,43138.999,43160.89,08:24:08
43141.991,43150.83,43142.584,43139.01,43160.876,08:24:11
43141.99,43150.83,43142.549,43139.02,43160.861,08:24:13
43141.99,43150.83,43142.514,43139.03,43160.847,08:24:16
43131.11,43150.83,43142.46,43139.03,43160.828,08:24:18
43131.099,43150.83,43142.402,43139.03,43160.81,08:24:21
43131.098,43150.83,43142.344,43139.03,43160.791,08:24:24
43131.099,43150.83,43142.286,43139.03,43160.773,08:24:26
43131.099,43150.83,43142.228,43139.029,43160.754,08:24:29
43131.097,43150.83,43142.169,43139.029,43160.736,08:24:31
43131.097,43150.83,43142.111,43139.033,43160.717,08:24:34
43131.097,43150.83,43142.053,43139.036,43160.699,08:24:37
43131.097,43150.83,43141.995,43139.04,43160.68,08:24:39
43131.099,43150.83,43141.937,43139.044,43160.662,08:24:42
43131.099,43150.83,43141.879,43139.048,43160.643,08:24:44
43131.099,43150.83,43141.821,43139.051,43160.624,08:24:47
43131.099,43150.83,43141.763,43139.055,43160.606,08:24:50
43131.097,43150.83,43141.704,43139.059,43160.587,08:24:52
43131.097,43150.83,43141.643,43139.062,43160.569,08:24:55
43131.098,43150.83,43141.58,43139.066,43160.55,08:24:57
43131.1,43150.83,43141.517,43139.07,43160.532,08:25:00
43131.1,43150.83,43141.455,43139.073,43160.513,08:25:02
43131.1,43150.83,43141.392,43139.077,43160.495,08:25:05
43128.14,43150.83,43141.324,43139.078,43160.475,08:25:07
43121.107,43150.83,43141.245,43139.072,43160.453,08:25:10
43121.108,43150.83,43141.165,43139.069,43160.431,08:25:13
43121.108,43150.83,43141.086,43139.066,43160.409,08:25:15
43121.108,43150.83,43141.006,43139.063,43160.386,08:25:19
43121.105,43150.83,43140.927,43139.06,43160.364,08:25:21
43121.105,43150.83,43140.847,43139.058,43160.342,08:25:24
43121.105,43150.83,43140.768,43139.055,43160.32,08:25:26
43121.105,43150.83,43140.689,43139.052,43160.297,08:25:29
43121.105,43150.83,43140.611,43139.049,43160.275,08:25:32
43121.105,43150.83,43140.533,43139.046,43160.253,08:25:34
43121.104,43150.83,43140.455,43139.043,43160.231,08:25:37
43121.104,43150.83,43140.377,43139.041,43160.209,08:25:39
43121.106,43150.83,43140.299,43139.038,43160.186,08:25:41
43121.107,43150.83,43140.221,43139.035,43160.164,08:25:44
43121.107,43150.83,43140.143,43139.032,43160.142,08:25:47
43121.107,43150.83,43140.065,43139.029,43160.12,08:25:50
43121.107,43150.83,43139.987,43139.026,43160.097,08:25:52
43121.107,43150.83,43139.909,43139.024,43160.077,08:25:55
43121.107,43150.83,43139.831,43139.021,43160.058,08:25:57
43121.107,43150.83,43139.753,43139.018,43160.039,08:26:00
43121.107,43150.83,43139.675,43139.015,43160.019,08:26:02
43121.107,43150.83,43139.597,43139.012,43160.001,08:26:05
43121.107,43150.83,43139.519,43139.009,43159.982,08:26:07
43115.299,43150.83,43139.432,43139.007,43159.962,08:26:10
43115.299,43150.83,43139.344,43139.005,43159.941,08:26:12
43115.3,43150.83,43139.256,43139.002,43159.92,08:26:15
43115.299,43150.83,43139.169,43139.0,43159.9,08:26:18
43115.299,43150.83,43139.081,43138.997,43159.879,08:26:20
43115.299,43150.83,43138.993,43138.997,43159.858,08:26:23
43115.298,43150.83,43138.906,43139.0,43159.838,08:26:25
43115.299,43150.83,43138.818,43139.002,43159.817,08:26:28
43115.298,43150.83,43138.73,43139.005,43159.796,08:26:30
43115.298,43150.83,43138.643,43139.007,43159.776,08:26:33
43115.298,43150.83,43138.555,43139.009,43159.755,08:26:35
43115.298,43150.83,43138.468,43139.014,43159.734,08:26:38
43115.298,43150.83,43138.38,43139.023,43159.714,08:26:41
43115.26,43150.83,43138.292,43139.031,43159.693,08:26:43
43114.59,43150.83,43138.203,43139.039,43159.672,08:26:46
43114.589,43150.83,43138.115,43139.047,43159.651,08:26:48
43114.589,43150.83,43138.026,43139.055,43159.63,08:26:51
43114.589,43150.83,43137.937,43139.069,43159.609,08:26:54
43114.589,43150.83,43137.848,43139.088,43159.588,08:26:56
43114.589,43150.83,43137.759,43139.107,43159.567,08:26:59
43114.588,43150.83,43137.671,43139.125,43159.546,08:27:01
43114.588,43150.83,43137.582,43139.144,43159.525,08:27:04
43114.588,43150.83,43137.493,43139.159,43159.505,08:27:07
43114.581,43150.83,43137.404,43139.17,43159.484,08:27:12
43114.581,43150.83,43137.315,43139.18,43159.463,08:27:17
43114.58,43150.83,43137.226,43139.19,43159.443,08:27:20
43114.58,43150.83,43137.138,43139.198,43159.424,08:27:23
43114.58,43150.83,43137.049,43139.206,43159.406,08:27:25
43114.58,43150.83,43136.963,43139.21,43159.387,08:27:28
43114.58,43150.83,43136.877,43139.214,43159.368,08:27:30
43114.58,43150.83,43136.795,43139.216,43159.35,08:27:33
43114.61,43150.83,43136.713,43139.219,43159.329,08:27:36
43115.29,43150.83,43136.632,43139.222,43159.307,08:27:38
43115.29,43150.83,43136.551,43139.225,43159.283,08:27:40
43115.291,43150.83,43136.47,43139.229,43159.259,08:27:43
43115.291,43150.83,43136.389,43139.232,43159.235,08:27:45
43115.291,43150.83,43136.308,43139.235,43159.211,08:27:48
43115.291,43150.83,43136.226,43139.238,43159.187,08:27:51
43115.292,43150.83,43136.145,43139.242,43159.163,08:27:53
43115.291,43150.83,43136.064,43139.245,43159.139,08:27:56
43115.292,43150.83,43135.983,43139.245,43159.115,08:27:59
43115.293,43150.83,43135.902,43139.244,43159.091,08:28:01
43115.293,43150.83,43135.821,43139.244,43159.067,08:28:04
43115.293,43150.83,43135.74,43139.244,43159.043,08:28:06
43115.293,43150.83,43135.659,43139.244,43159.019,08:28:08
43115.293,43150.83,43135.578,43139.244,43158.995,08:28:11
43115.291,43150.83,43135.497,43139.244,43158.971,08:28:14
43115.291,43150.83,43135.416,43139.244,43158.947,08:28:16
43115.29,43150.83,43135.335,43139.244,43158.923,08:28:19
43115.29,43150.83,43135.254,43139.244,43158.899,08:28:21
43115.29,43150.83,43135.172,43139.242,43158.875,08:28:24
43115.29,43150.83,43135.091,43139.24,43158.851,08:28:26
43115.29,43150.83,43135.01,43139.239,43158.827,08:28:29
43115.29,43150.83,43134.929,43139.237,43158.803,08:28:31
43115.29,43150.83,43134.848,43139.235,43158.779,08:28:34
43115.29,43150.83,43134.767,43139.234,43158.755,08:28:36
43115.291,43150.83,43134.686,43139.232,43158.731,08:28:39
43115.29,43150.83,43134.605,43139.23,43158.707,08:28:41
43115.292,43150.83,43134.524,43139.229,43158.683,08:28:44
43115.292,43150.83,43134.443,43139.227,43158.659,08:28:46
43115.291,43150.83,43134.362,43139.225,43158.635,08:28:49
43115.291,43150.83,43134.281,43139.224,43158.611,08:28:51
43115.291,43150.83,43134.2,43139.222,43158.587,08:28:54
43115.291,43150.83,43134.119,43139.22,43158.563,08:28:56
43115.291,43150.83,43134.038,43139.219,43158.539,08:28:59
43115.29,43150.83,43133.957,43139.217,43158.515,08:29:02
43115.29,43150.83,43133.875,43139.215,43158.491,08:29:04
43115.29,43150.83,43133.794,43139.214,43158.467,08:29:07
43115.29,43150.83,43133.713,43139.212,43158.443,08:29:09
43115.291,43150.83,43133.632,43139.21,43158.419,08:29:12
43115.294,43150.83,43133.551,43139.209,43158.395,08:29:15
43115.295,43150.83,43133.47,43139.207,43158.371,08:29:17
43115.294,43150.83,43133.389,43139.205,43158.347,08:29:20
43115.294,43150.83,43133.308,43139.204,43158.323,08:29:22
43115.294,43150.83,43133.227,43139.202,43158.299,08:29:25
43115.295,43150.83,43133.146,43139.2,43158.275,08:29:27
43115.294,43150.83,43133.065,43139.199,43158.251,08:29:30
43115.294,43150.83,43132.984,43139.197,43158.227,08:29:32
43115.294,43150.83,43132.903,43139.195,43158.203,08:29:35
43115.294,43150.83,43132.822,43139.194,43158.179,08:29:37
43115.294,43150.83,43132.741,43139.192,43158.155,08:29:40
43115.298,43150.83,43132.66,43139.19,43158.131,08:29:42
43115.299,43150.83,43132.579,43139.189,43158.107,08:29:45
43115.299,43150.83,43132.498,43139.187,43158.083,08:29:47
43115.299,43150.83,43132.416,43139.185,43158.059,08:29:50
43115.299,43150.83,43132.335,43139.184,43158.035,08:29:53
43115.299,43150.83,43132.254,43139.189,43158.011,08:29:55
43115.299,43150.83,43132.173,43139.194,43157.987,08:29:58
43115.298,43150.83,43132.092,43139.199,43157.963,08:30:00
43115.298,43150.83,43132.011,43139.204,43157.939,08:30:03
43115.298,43150.83,43131.93,43139.21,43157.915,08:30:06
43115.299,43150.83,43131.849,43139.215,43157.891,08:30:08
43115.299,43150.83,43131.768,43139.22,43157.867,08:30:11
43115.3,43150.83,43131.687,43139.225,43157.843,08:30:13
43115.299,43150.83,43131.606,43139.23,43157.819,08:30:16
43115.299,43150.83,43131.525,43139.235,43157.795,08:30:18
43114.919,43150.83,43131.443,43139.24,43157.771,08:30:21
43114.919,43150.83,43131.362,43139.245,43157.747,08:30:23
43114.919,43150.83,43131.28,43139.25,43157.723,08:30:26
43114.919,43150.83,43131.198,43139.255,43157.699,08:30:28
43114.919,43150.83,43131.116,43139.26,43157.675,08:30:31
43114.92,43150.83,43131.035,43139.264,43157.651,08:30:33
43114.92,43150.83,43130.953,43139.269,43157.626,08:30:36
43111.11,43150.83,43130.865,43139.27,43157.601,08:30:38
43107.84,43150.83,43130.772,43139.268,43157.574,08:30:41
43107.839,43150.83,43130.678,43139.266,43157.547,08:30:43
43107.839,43150.83,43130.585,43139.264,43157.521,08:30:46
43107.838,43150.83,43130.491,43139.262,43157.494,08:30:48
43107.838,43150.83,43130.398,43139.26,43157.467,08:30:51
43107.839,43150.83,43130.304,43139.257,43157.44,08:30:53
43107.839,43150.83,43130.211,43139.255,43157.414,08:30:56
43107.839,43150.83,43130.117,43139.253,43157.387,08:30:58
43107.839,43150.83,43130.024,43139.251,43157.36,08:31:01
43109.991,43150.83,43129.934,43139.251,43157.334,08:31:04
43109.991,43150.83,43129.844,43139.251,43157.308,08:31:06
43109.991,43150.83,43129.754,43139.251,43157.282,08:31:09
43109.991,43150.83,43129.664,43139.251,43157.256,08:31:11
43109.991,43150.83,43129.574,43139.251,43157.23,08:31:14
43109.991,43150.83,43129.484,43139.251,43157.204,08:31:16
43109.992,43150.83,43129.394,43139.251,43157.178,08:31:20
43109.992,43150.83,43129.305,43139.251,43157.146,08:31:22
43109.992,43150.83,43129.215,43139.251,43157.114,08:31:24
43109.992,43150.83,43129.125,43139.251,43157.081,08:31:27
43109.992,43150.83,43129.035,43139.251,43157.049,08:31:29
43109.992,43150.83,43128.945,43139.251,43157.016,08:31:32
43109.992,43150.83,43128.855,43139.245,43156.984,08:31:34
43109.992,43150.83,43128.765,43139.239,43156.951,08:31:37
43109.992,43150.83,43128.675,43139.233,43156.919,08:31:39
43109.992,43150.83,43128.585,43139.226,43156.886,08:31:42
43109.992,43150.83,43128.495,43139.22,43156.854,08:31:44
43109.992,43150.83,43128.406,43139.213,43156.821,08:31:47
43109.992,43150.83,43128.316,43139.206,43156.789,08:31:49
43109.992,43150.83,43128.236,43139.197,43156.756,08:31:52
43109.991,43150.83,43128.156,43139.188,43156.724,08:31:54
43109.991,43150.83,43128.076,43139.179,43156.691,08:31:57
43109.992,43150.83,43127.996,43139.17,43156.659,08:32:00
43109.992,43150.83,43127.916,43139.162,43156.626,08:32:02
43109.992,43150.83,43127.836,43139.153,43156.594,08:32:05
43109.992,43150.83,43127.755,43139.144,43156.562,08:32:07
43109.992,43150.83,43127.675,43139.135,43156.529,08:32:10
43109.992,43150.83,43127.595,43139.126,43156.497,08:32:12
43109.993,43150.83,43127.515,43139.109,43156.464,08:32:15
43109.992,43150.83,43127.435,43139.091,43156.432,08:32:17
43109.993,43150.83,43127.355,43139.071,43156.399,08:32:20
43109.992,43150.83,43127.275,43139.048,43156.367,08:32:22
43109.991,43150.83,43127.195,43139.024,43156.334,08:32:25
43109.991,43150.83,43127.115,43139.0,43156.302,08:32:27
43109.991,43150.83,43127.035,43138.975,43156.269,08:32:29
43109.992,43150.83,43126.955,43138.951,43156.237,08:32:32
43113.992,43150.83,43126.882,43138.931,43156.206,08:32:34
43113.992,43150.83,43126.809,43138.908,43156.175,08:32:37
43113.991,43150.83,43126.735,43138.883,43156.144,08:32:40
43113.991,43150.83,43126.662,43138.856,43156.113,08:32:42
43113.992,43150.83,43126.588,43138.829,43156.082,08:32:45
43113.991,43150.83,43126.515,43138.802,43156.051,08:32:47
43113.991,43150.83,43126.442,43138.775,43156.02,08:32:50
43113.992,43150.83,43126.368,43138.747,43155.989,08:32:52
43113.992,43150.83,43126.295,43138.72,43155.958,08:32:54
43113.992,43150.83,43126.222,43138.693,43155.927,08:32:57
43113.996,43150.83,43126.148,43138.666,43155.896,08:32:59
43113.996,43150.83,43126.075,43138.639,43155.865,08:33:02
43113.999,43150.83,43126.002,43138.611,43155.834,08:33:05
43113.959,43150.83,43125.928,43138.584,43155.794,08:33:07
43113.959,43150.83,43125.855,43138.557,43155.753,08:33:10
43113.959,43150.83,43125.781,43138.53,43155.713,08:33:13
43109.959,43150.83,43125.701,43138.498,43155.671,08:33:15
43109.959,43150.83,43125.621,43138.467,43155.629,08:33:18
43109.959,43150.83,43125.541,43138.436,43155.588,08:33:20
43109.959,43150.83,43125.461,43138.405,43155.547,08:33:23
43109.959,43150.83,43125.381,43138.374,43155.506,08:33:25
43109.959,43150.83,43125.301,43138.343,43155.465,08:33:28
43109.959,43150.83,43125.221,43138.312,43155.426,08:33:31
43109.959,43150.83,43125.141,43138.28,43155.387,08:33:33
43109.959,43150.83,43125.061,43138.249,43155.347,08:33:36
43109.959,43150.83,43124.98,43138.218,43155.308,08:33:38
43109.959,43150.83,43124.9,43138.187,43155.269,08:33:41
43109.959,43150.83,43124.82,43138.156,43155.23,08:33:43
43109.959,43150.83,43124.74,43138.125,43155.192,08:33:46
43109.959,43150.83,43124.66,43138.093,43155.154,08:33:48
43109.959,43150.83,43124.58,43138.062,43155.116,08:33:51
43109.959,43150.83,43124.5,43138.031,43155.082,08:33:54
43109.958,43150.83,43124.42,43138.0,43155.049,08:33:56
43109.958,43150.83,43124.34,43137.969,43155.016,08:33:59
43109.958,43150.83,43124.26,43137.938,43154.983,08:34:01
43109.958,43150.83,43124.18,43137.907,43154.95,08:34:04
43109.956,43150.83,43124.1,43137.875,43154.917,08:34:06
43109.957,43150.83,43124.02,43137.844,43154.884,08:34:09
43109.958,43150.83,43123.94,43137.813,43154.853,08:34:11
43109.958,43150.83,43123.86,43137.782,43154.822,08:34:14
43109.959,43150.83,43123.78,43137.751,43154.79,08:34:16
43109.959,43150.83,43123.7,43137.72,43154.759,08:34:19
43109.959,43150.83,43123.62,43137.688,43154.728,08:34:22
43109.959,43150.83,43123.54,43137.657,43154.697,08:34:25
43109.959,43150.83,43123.46,43137.626,43154.666,08:34:27
43109.959,43150.83,43123.38,43137.595,43154.635,08:34:30
43109.959,43150.83,43123.3,43137.564,43154.603,08:34:32
43109.959,43150.83,43123.22,43137.533,43154.572,08:34:35
43109.959,43150.83,43123.14,43137.501,43154.54,08:34:38
43109.959,43150.83,43123.06,43137.47,43154.507,08:34:41
43109.959,43150.83,43122.98,43137.439,43154.475,08:34:43
43109.959,43150.83,43122.9,43137.408,43154.442,08:34:46
43109.959,43150.83,43122.82,43137.377,43154.41,08:34:48
43109.959,43150.83,43122.74,43137.346,43154.377,08:34:51
43109.959,43150.83,43122.66,43137.315,43154.345,08:34:54
43109.959,43150.83,43122.58,43137.283,43154.312,08:34:56
43109.959,43150.83,43122.5,43137.252,43154.28,08:34:59
43109.959,43150.83,43122.42,43137.221,43154.247,08:35:02
43109.959,43150.83,43122.34,43137.19,43154.216,08:35:04
43109.959,43150.83,43122.26,43137.159,43154.186,08:35:07
43109.959,43150.83,43122.18,43137.128,43154.155,08:35:10
43109.959,43150.83,43122.1,43137.096,43154.125,08:35:12
43109.959,43150.83,43122.02,43137.065,43154.094,08:35:15
43109.959,43150.83,43121.94,43137.034,43154.064,08:35:17
43109.959,43150.83,43121.86,43137.003,43154.033,08:35:20
43109.959,43150.83,43121.78,43136.972,43154.003,08:35:22
43109.959,43150.83,43121.7,43136.936,43153.972,08:35:26
43109.959,43150.83,43121.62,43136.901,43153.942,08:35:28
43109.959,43150.83,43121.54,43136.865,43153.911,08:35:31
43109.959,43150.83,43121.46,43136.83,43153.88,08:35:34
43109.959,43150.83,43121.391,43136.794,43153.85,08:35:36
43109.959,43150.83,43121.323,43136.758,43153.819,08:35:39
43109.959,43150.83,43121.254,43136.723,43153.789,08:35:41
43109.959,43150.83,43121.186,43136.687,43153.758,08:35:44
43109.56,43150.83,43121.116,43136.651,43153.727,08:35:46
43101.11,43150.83,43121.033,43136.607,43153.694,08:35:49
43100.008,43150.83,43120.948,43136.562,43153.659,08:35:51
43100.008,43150.83,43120.863,43136.517,43153.625,08:35:54
43100.008,43150.83,43120.778,43136.471,43153.591,08:35:57
43100.0,43150.83,43120.692,43136.426,43153.557,08:35:59
43102.94,43150.83,43120.612,43136.384,43153.524,08:36:02
43102.94,43150.83,43120.536,43136.341,43153.49,08:36:04
43102.94,43150.83,43120.463,43136.299,43153.457,08:36:07
43102.94,43150.83,43120.389,43136.256,43153.424,08:36:09
43102.94,43150.83,43120.315,43136.214,43153.391,08:36:12
43102.941,43150.83,43120.241,43136.171,43153.358,08:36:15
43102.941,43150.83,43120.167,43136.129,43153.325,08:36:17
43102.941,43150.83,43120.093,43136.086,43153.291,08:36:21
43102.941,43150.83,43120.019,43136.044,43153.258,08:36:23
43102.941,43150.83,43119.946,43136.002,43153.225,08:36:26
43102.941,43150.83,43119.872,43135.959,43153.192,08:36:28
43102.941,43150.83,43119.798,43135.921,43153.159,08:36:31
43102.941,43150.83,43119.724,43135.882,43153.126,08:36:33
43102.94,43150.83,43119.65,43135.844,43153.093,08:36:36
43102.94,43150.83,43119.585,43135.806,43153.059,08:36:38
43102.942,43150.83,43119.52,43135.767,43153.026,08:36:41
43102.942,43150.83,43119.455,43135.729,43152.992,08:36:44
43102.949,43150.83,43119.39,43135.691,43152.958,08:36:46
43102.949,43150.83,43119.325,43135.652,43152.923,08:36:49
43102.949,43150.83,43119.26,43135.614,43152.889,08:36:51
43102.949,43150.83,43119.194,43135.576,43152.855,08:36:54
43102.949,43150.83,43119.129,43135.537,43152.821,08:36:57
43102.95,43150.83,43119.064,43135.499,43152.786,08:36:59
43102.95,43150.83,43118.999,43135.46,43152.752,08:37:02
43102.95,43150.83,43118.934,43135.422,43152.718,08:37:04
43102.949,43150.83,43118.883,43135.384,43152.684,08:37:07
43102.949,43150.83,43118.839,43135.345,43152.649,08:37:09
43102.439,43150.83,43118.794,43135.307,43152.614,08:37:12
43102.439,43150.83,43118.75,43135.268,43152.579,08:37:15
43102.439,43150.83,43118.705,43135.229,43152.544,08:37:17
43102.439,43150.83,43118.66,43135.188,43152.509,08:37:20
43102.439,43150.83,43118.621,43135.148,43152.474,08:37:22
43102.439,43150.83,43118.581,43135.108,43152.439,08:37:25
43102.439,43150.83,43118.542,43135.067,43152.404,08:37:28
43102.439,43150.83,43118.503,43135.026,43152.37,08:37:31
43102.439,43150.83,43118.464,43134.985,43152.335,08:37:34
43102.439,43150.83,43118.424,43134.943,43152.3,08:37:37
43102.439,43150.83,43118.385,43134.902,43152.265,08:37:39
43097.567,43150.83,43118.338,43134.855,43152.228,08:37:42
43097.568,43150.83,43118.29,43134.809,43152.191,08:37:45
43097.567,43150.83,43118.243,43134.762,43152.155,08:37:48
43097.567,43150.83,43118.195,43134.714,43152.118,08:37:50
43097.567,43150.83,43118.148,43134.666,43152.081,08:37:53
43097.557,43150.83,43118.101,43134.618,43152.044,08:37:56
43097.557,43150.83,43118.053,43134.571,43152.008,08:37:58
43097.557,43150.83,43118.006,43134.523,43151.971,08:38:01
43097.557,43150.83,43117.958,43134.475,43151.934,08:38:03
43097.557,43150.83,43117.911,43134.427,43151.897,08:38:06
43097.557,43150.83,43117.864,43134.376,43151.861,08:38:08
43097.557,43150.83,43117.816,43134.324,43151.824,08:38:11
43097.558,43150.83,43117.763,43134.272,43151.787,08:38:13
43097.559,43150.83,43117.703,43134.217,43151.75,08:38:16
43097.559,43150.83,43117.642,43134.163,43151.714,08:38:19
43097.559,43150.83,43117.581,43134.108,43151.677,08:38:21
43097.559,43150.83,43117.52,43134.053,43151.64,08:38:24
43097.559,43150.83,43117.457,43133.999,43151.604,08:38:27
43097.559,43150.83,43117.394,43133.944,43151.567,08:38:29
43097.559,43150.83,43117.33,43133.889,43151.53,08:38:32
43097.56,43150.83,43117.266,43133.834,43151.493,08:38:34
43097.56,43150.83,43117.202,43133.78,43151.457,08:38:37
43097.56,43150.83,43117.138,43133.725,43151.42,08:38:40
43097.56,43150.83,43117.074,43133.67,43151.383,08:38:42
43097.56,43150.83,43117.01,43133.615,43151.346,08:38:45
43095.549,43150.83,43116.943,43133.559,43151.307,08:38:48
43095.549,43150.83,43116.875,43133.502,43151.267,08:38:50
43095.55,43150.83,43116.808,43133.445,43151.227,08:38:53
43095.55,43150.83,43116.741,43133.389,43151.188,08:38:55
43095.55,43150.83,43116.673,43133.332,43151.148,08:38:58
43095.549,43150.83,43116.606,43133.275,43151.109,08:39:01
43095.549,43150.83,43116.538,43133.218,43151.069,08:39:04
43094.54,43150.83,43116.469,43133.161,43151.029,08:39:06
43094.54,43150.83,43116.4,43133.103,43150.989,08:39:09
43094.539,43150.83,43116.331,43133.045,43150.949,08:39:12
43094.539,43150.83,43116.273,43132.988,43150.909,08:39:14
43092.049,43150.83,43116.211,43132.928,43150.868,08:39:17
43090.719,43150.83,43116.147,43132.866,43150.827,08:39:20
43090.719,43150.83,43116.083,43132.805,43150.784,08:39:22
43090.719,43150.83,43116.018,43132.743,43150.741,08:39:25
43090.719,43150.83,43115.954,43132.682,43150.699,08:39:27
43090.719,43150.83,43115.89,43132.62,43150.656,08:39:30
43090.716,43150.83,43115.825,43132.558,43150.613,08:39:33
43090.715,43150.83,43115.761,43132.495,43150.571,08:39:35
43090.715,43150.83,43115.697,43132.433,43150.528,08:39:38
43090.715,43150.83,43115.632,43132.371,43150.485,08:39:41
43090.715,43150.83,43115.573,43132.309,43150.443,08:39:43
43090.715,43150.83,43115.515,43132.247,43150.4,08:39:46
43090.716,43150.83,43115.456,43132.185,43150.357,08:39:48
43090.716,43150.83,43115.397,43132.123,43150.314,08:39:51
43090.716,43150.83,43115.338,43132.061,43150.272,08:39:53
43090.716,43150.83,43115.279,43131.999,43150.229,08:39:56
43090.716,43150.83,43115.22,43131.936,43150.186,08:39:59
43090.716,43150.83,43115.162,43131.874,43150.144,08:40:01
43090.716,43150.83,43115.103,43131.812,43150.101,08:40:04
43090.716,43150.83,43115.044,43131.748,43150.058,08:40:06
43090.716,43150.83,43114.985,43131.685,43150.016,08:40:09
43090.716,43150.83,43114.926,43131.622,43149.973,08:40:12
43090.717,43150.83,43114.867,43131.558,43149.93,08:40:15
43090.718,43150.83,43114.809,43131.495,43149.887,08:40:17
43090.718,43150.83,43114.75,43131.432,43149.845,08:40:20
43090.716,43150.83,43114.691,43131.368,43149.802,08:40:22
43090.716,43150.83,43114.632,43131.305,43149.759,08:40:25
43090.716,43150.83,43114.573,43131.242,43149.717,08:40:27
43090.716,43150.83,43114.514,43131.178,43149.674,08:40:30
43090.716,43150.83,43114.456,43131.115,43149.631,08:40:32
43090.716,43150.83,43114.397,43131.062,43149.589,08:40:35
43090.716,43150.83,43114.338,43131.008,43149.546,08:40:38
43090.119,43150.83,43114.278,43130.955,43149.503,08:40:40
43081.109,43150.83,43114.203,43130.892,43149.457,08:40:43
43081.105,43150.83,43114.128,43130.829,43149.411,08:40:45
43081.103,43150.83,43114.059,43130.767,43149.364,08:40:48
43081.102,43150.83,43114.002,43130.692,43149.318,08:40:51
43081.102,43150.83,43113.944,43130.616,43149.272,08:40:53
43086.901,43150.83,43113.897,43130.546,43149.228,08:40:56
43087.72,43150.83,43113.851,43130.476,43149.184,08:40:58
43096.59,43150.83,43113.82,43130.415,43149.143,08:41:01
43096.591,43150.83,43113.788,43130.354,43149.103,08:41:04
43096.591,43150.83,43113.757,43130.294,43149.062,08:41:07
43101.09,43150.83,43113.733,43130.237,43149.023,08:41:10
43105.902,43150.83,43113.717,43130.185,43148.986,08:41:12
43105.903,43150.83,43113.701,43130.134,43148.949,08:41:15
43105.906,43150.83,43113.686,43130.082,43148.912,08:41:17
43105.906,43150.83,43113.67,43130.03,43148.875,08:41:20
43105.907,43150.83,43113.654,43129.978,43148.838,08:41:23
43105.903,43150.83,43113.638,43129.926,43148.801,08:41:25
43105.903,43150.83,43113.622,43129.873,43148.764,08:41:28
43105.9,43150.83,43113.606,43129.82,43148.727,08:41:30
43105.9,43150.83,43113.591,43129.766,43148.69,08:41:33
43105.9,43150.83,43113.575,43129.71,43148.653,08:41:36
43105.901,43150.83,43113.559,43129.654,43148.616,08:41:38
43114.91,43150.83,43113.558,43129.607,43148.582,08:41:41
43128.627,43150.83,43113.58,43129.573,43148.553,08:41:43
43128.628,43150.83,43113.602,43129.539,43148.525,08:41:46
43128.627,43150.83,43113.624,43129.506,43148.496,08:41:49
43128.626,43150.83,43113.646,43129.472,43148.467,08:41:51
43128.627,43150.83,43113.668,43129.438,43148.439,08:41:54
43128.627,43150.83,43113.691,43129.404,43148.41,08:41:57
43128.628,43150.83,43113.713,43129.371,43148.381,08:41:59
43128.628,43150.83,43113.735,43129.337,43148.353,08:42:02
43128.628,43150.83,43113.757,43129.303,43148.324,08:42:04
43128.628,43150.83,43113.779,43129.269,43148.295,08:42:07
43128.628,43150.83,43113.801,43129.235,43148.267,08:42:10
43128.628,43150.83,43113.823,43129.202,43148.238,08:42:12
43128.628,43150.83,43113.845,43129.168,43148.211,08:42:15
43125.78,43150.83,43113.862,43129.131,43148.183,08:42:17
43125.779,43150.83,43113.88,43129.095,43148.155,08:42:21
43125.78,43150.83,43113.897,43129.058,43148.126,08:42:23
43125.739,43150.83,43113.914,43129.022,43148.098,08:42:26
43125.739,43150.83,43113.931,43128.985,43148.07,08:42:28
43125.609,43150.83,43113.948,43128.948,43148.042,08:42:31
43125.609,43150.83,43113.965,43128.908,43148.014,08:42:33
43125.609,43150.83,43113.982,43128.869,43147.985,08:42:36
43125.608,43150.83,43113.999,43128.829,43147.957,08:42:39
43125.609,43150.83,43114.016,43128.79,43147.929,08:42:41
43125.609,43150.83,43114.036,43128.75,43147.901,08:42:44
43125.609,43150.83,43114.056,43128.71,43147.872,08:42:46
43122.578,43150.83,43114.071,43128.668,43147.843,08:42:49
43122.579,43150.83,43114.085,43128.625,43147.814,08:42:52
43122.579,43150.83,43114.1,43128.583,43147.784,08:42:54
43122.579,43150.83,43114.115,43128.54,43147.755,08:42:57
43122.579,43150.83,43114.129,43128.498,43147.726,08:42:59
43122.579,43150.83,43114.144,43128.455,43147.696,08:43:02
43122.579,43150.83,43114.156,43128.413,43147.667,08:43:04
43122.579,43150.83,43114.168,43128.368,43147.637,08:43:07
43122.578,43150.83,43114.18,43128.323,43147.608,08:43:10
43122.578,43150.83,43114.192,43128.278,43147.579,08:43:12
43122.578,43150.83,43114.205,43128.232,43147.549,08:43:15
43122.578,43150.83,43114.217,43128.187,43147.52,08:43:17
43122.578,43150.83,43114.229,43128.142,43147.491,08:43:20
43122.578,43150.83,43114.241,43128.096,43147.461,08:43:22
43122.579,43150.83,43114.253,43128.051,43147.432,08:43:25
43122.579,43150.83,43114.265,43128.006,43147.403,08:43:27
43122.579,43150.83,43114.277,43127.961,43147.373,08:43:30
43122.578,43150.83,43114.29,43127.915,43147.344,08:43:33
43122.578,43150.83,43114.302,43127.87,43147.314,08:43:35
43122.578,43150.83,43114.314,43127.825,43147.285,08:43:38
43121.07,43150.83,43114.323,43127.778,43147.255,08:43:41
43121.07,43150.83,43114.333,43127.732,43147.225,08:43:43
43118.019,43150.83,43114.338,43127.683,43147.194,08:43:46
43114.81,43150.83,43114.337,43127.631,43147.161,08:43:49
43113.89,43150.83,43114.334,43127.578,43147.129,08:43:51
43113.89,43150.83,43114.332,43127.525,43147.096,08:43:54
43113.89,43150.83,43114.33,43127.472,43147.063,08:43:57
43113.76,43150.83,43114.327,43127.419,43147.031,08:43:59
43113.76,43150.83,43114.325,43127.366,43146.998,08:44:02
43113.75,43150.83,43114.322,43127.313,43146.965,08:44:05
43113.75,43150.83,43114.319,43127.26,43146.932,08:44:08
43113.751,43150.83,43114.317,43127.207,43146.9,08:44:10
43113.751,43150.83,43114.314,43127.154,43146.867,08:44:13
43113.752,43150.83,43114.312,43127.101,43146.834,08:44:15
43113.756,43150.83,43114.309,43127.048,43146.802,08:44:18
43113.756,43150.83,43114.307,43126.995,43146.769,08:44:20
43113.756,43150.83,43114.304,43126.942,43146.736,08:44:23
43113.755,43150.83,43114.301,43126.889,43146.703,08:44:26
43113.755,43150.83,43114.299,43126.836,43146.671,08:44:28
43113.755,43150.83,43114.296,43126.783,43146.638,08:44:31
43113.755,43150.83,43114.294,43126.729,43146.605,08:44:33
43113.755,43150.83,43114.291,43126.676,43146.573,08:44:36
43113.755,43150.83,43114.289,43126.623,43146.54,08:44:39
43113.755,43150.83,43114.286,43126.57,43146.507,08:44:42
43113.754,43150.83,43114.283,43126.517,43146.474,08:44:44
43113.756,43150.83,43114.281,43126.464,43146.442,08:44:47
43113.756,43150.83,43114.278,43126.411,43146.409,08:44:50
43113.755,43150.83,43114.276,43126.358,43146.376,08:44:52
43113.758,43150.83,43114.273,43126.305,43146.344,08:44:55
43113.758,43150.83,43114.271,43126.252,43146.311,08:44:57
43113.759,43150.83,43114.268,43126.199,43146.278,08:45:01
43113.757,43150.83,43114.266,43126.146,43146.245,08:45:03
43113.751,43150.83,43114.263,43126.093,43146.213,08:45:06
43113.752,43150.83,43114.26,43126.04,43146.18,08:45:08
43113.754,43150.83,43114.258,43125.987,43146.147,08:45:11
43113.753,43150.83,43114.255,43125.934,43146.115,08:45:14
43113.754,43150.83,43114.253,43125.88,43146.082,08:45:16
43113.754,43150.83,43114.25,43125.827,43146.049,08:45:19
43113.754,43150.83,43114.248,43125.774,43146.016,08:45:22
43113.754,43150.83,43114.245,43125.721,43145.984,08:45:24
43113.755,43150.83,43114.242,43125.668,43145.951,08:45:27
43113.755,43150.83,43114.24,43125.615,43145.918,08:45:30
43113.755,43150.83,43114.237,43125.562,43145.886,08:45:32
43113.754,43150.83,43114.235,43125.509,43145.853,08:45:35
43113.755,43150.83,43114.232,43125.458,43145.82,08:45:38
43113.755,43150.83,43114.23,43125.407,43145.787,08:45:40
43113.756,43150.83,43114.227,43125.357,43145.755,08:45:43
43113.755,43150.83,43114.224,43125.308,43145.722,08:45:45
43113.755,43150.83,43114.222,43125.259,43145.689,08:45:48
43113.755,43150.83,43114.219,43125.21,43145.657,08:45:50
43113.756,43150.83,43114.217,43125.161,43145.624,08:45:53
43113.756,43150.83,43114.214,43125.111,43145.591,08:45:56
43113.756,43150.83,43114.212,43125.062,43145.558,08:45:58
43113.757,43150.83,43114.209,43125.013,43145.526,08:46:01
43113.757,43150.83,43114.206,43124.964,43145.493,08:46:04
43113.759,43150.83,43114.204,43124.915,43145.46,08:46:06
43113.758,43150.83,43114.201,43124.865,43145.428,08:46:09
43113.758,43150.83,43114.199,43124.816,43145.395,08:46:11
43113.758,43150.83,43114.196,43124.767,43145.362,08:46:14
43109.119,43150.83,43114.186,43124.713,43145.328,08:46:17
43109.117,43150.83,43114.176,43124.66,43145.293,08:46:19
43109.117,43150.83,43114.165,43124.606,43145.259,08:46:22
43109.117,43150.83,43114.155,43124.552,43145.225,08:46:24
43109.115,43150.83,43114.145,43124.498,43145.19,08:46:27
43109.113,43150.83,43114.134,43124.445,43145.156,08:46:29
43109.113,43150.83,43114.124,43124.391,43145.121,08:46:32
43109.113,43150.83,43114.114,43124.337,43145.087,08:46:35
43109.113,43150.83,43114.103,43124.283,43145.052,08:46:37
43109.113,43150.83,43114.093,43124.23,43145.018,08:46:40
43109.114,43150.83,43114.083,43124.176,43144.984,08:46:42
43109.114,43150.83,43114.073,43124.122,43144.949,08:46:45
43109.118,43150.83,43114.062,43124.068,43144.915,08:46:47
43109.119,43150.83,43114.052,43124.015,43144.88,08:46:50
43109.119,43150.83,43114.042,43123.961,43144.846,08:46:53
43109.119,43150.83,43114.031,43123.907,43144.811,08:46:55
43109.119,43150.83,43114.021,43123.853,43144.777,08:46:58
43109.119,43150.83,43114.011,43123.8,43144.743,08:47:01
43109.119,43150.83,43114.001,43123.746,43144.708,08:47:03
43107.499,43150.83,43113.988,43123.691,43144.673,08:47:08
43107.498,43150.83,43113.975,43123.635,43144.638,08:47:11
43107.499,43150.83,43113.962,43123.58,43144.603,08:47:13
43107.497,43150.83,43113.949,43123.525,43144.568,08:47:16
43107.498,43150.83,43113.936,43123.469,43144.533,08:47:19
43107.498,43150.83,43113.923,43123.414,43144.498,08:47:21
43107.497,43150.83,43113.91,43123.359,43144.463,08:47:24
43107.497,43150.83,43113.897,43123.303,43144.428,08:47:27
43107.498,43150.83,43113.884,43123.248,43144.393,08:47:29
43107.498,43150.83,43113.847,43123.193,43144.358,08:47:32
43107.495,43150.83,43113.808,43123.137,43144.323,08:47:34
43107.497,43150.83,43113.769,43123.082,43144.288,08:47:37
43107.497,43150.83,43113.729,43123.027,43144.253,08:47:44
43107.499,43150.83,43113.69,43122.971,43144.218,08:47:47
43107.496,43150.83,43113.651,43122.916,43144.183,08:47:49
43107.499,43150.83,43113.611,43122.861,43144.148,08:47:52
43107.494,43150.83,43113.572,43122.805,43144.113,08:47:55
43107.494,43150.83,43113.533,43122.75,43144.078,08:47:57
43107.491,43150.83,43113.493,43122.695,43144.043,08:48:00
43109.1,43150.83,43113.457,43122.641,43144.008,08:48:02
43109.1,43150.83,43113.42,43122.587,43143.974,08:48:05
43109.1,43150.83,43113.383,43122.534,43143.939,08:48:08
43109.1,43150.83,43113.347,43122.48,43143.905,08:48:10
43109.1,43150.83,43113.303,43122.426,43143.871,08:48:13
43109.1,43150.83,43113.26,43122.372,43143.836,08:48:15
43109.131,43150.83,43113.209,43122.319,43143.802,08:48:18
43109.131,43150.83,43113.158,43122.265,43143.767,08:48:20
43109.131,43150.83,43113.106,43122.211,43143.736,08:48:23
43109.134,43150.83,43113.055,43122.157,43143.706,08:48:25
43109.134,43150.83,43113.002,43122.104,43143.675,08:48:28
43109.134,43150.83,43112.949,43122.05,43143.644,08:48:31
43109.134,43150.83,43112.895,43121.996,43143.613,08:48:33
43109.134,43150.83,43112.842,43121.942,43143.582,08:48:36
43109.134,43150.83,43112.789,43121.889,43143.551,08:48:38
43109.133,43150.83,43112.736,43121.835,43143.52,08:48:41
43109.133,43150.83,43112.683,43121.781,43143.49,08:48:44
43109.134,43150.83,43112.63,43121.728,43143.459,08:48:46
43109.139,43150.83,43112.576,43121.674,43143.428,08:48:48
43109.139,43150.83,43112.523,43121.62,43143.397,08:48:51
43109.139,43150.83,43112.47,43121.566,43143.366,08:48:54
43109.139,43150.83,43112.417,43121.513,43143.335,08:48:56
43109.139,43150.83,43112.364,43121.459,43143.304,08:48:59
43109.139,43150.83,43112.311,43121.405,43143.274,08:49:01
43109.139,43150.83,43112.257,43121.352,43143.243,08:49:04
43109.139,43150.83,43112.204,43121.298,43143.212,08:49:06
43109.138,43150.83,43112.151,43121.244,43143.18,08:49:09
43109.135,43150.83,43112.098,43121.19,43143.149,08:49:11
43109.136,43150.83,43112.044,43121.137,43143.118,08:49:14
43109.138,43150.83,43111.991,43121.083,43143.086,08:49:16
43109.139,43150.83,43111.938,43121.029,43143.055,08:49:19
43109.139,43150.83,43111.885,43120.976,43143.023,08:49:22
43109.139,43150.83,43111.832,43120.922,43142.992,08:49:24
43109.136,43150.83,43111.778,43120.868,43142.96,08:49:27
43109.138,43150.83,43111.725,43120.814,43142.929,08:49:29
43109.137,43150.83,43111.672,43120.761,43142.897,08:49:32
43109.137,43150.83,43111.617,43120.707,43142.866,08:49:35
43109.139,43150.83,43111.563,43120.653,43142.834,08:49:37
43109.139,43150.83,43111.508,43120.6,43142.803,08:49:40
43109.139,43150.83,43111.453,43120.546,43142.771,08:49:42
43109.139,43150.83,43111.398,43120.492,43142.74,08:49:45
43109.14,43150.83,43111.344,43120.438,43142.709,08:49:48
43109.12,43150.83,43111.289,43120.385,43142.677,08:49:50
43109.099,43150.83,43111.234,43120.331,43142.646,08:49:53
43109.099,43150.83,43111.179,43120.277,43142.614,08:49:55
43109.098,43150.83,43111.124,43120.223,43142.583,08:49:58
43109.098,43150.83,43111.069,43120.17,43142.551,08:50:00
43109.093,43150.83,43111.015,43120.116,43142.52,08:50:03
43109.093,43150.83,43110.96,43120.062,43142.488,08:50:05
43109.094,43150.83,43110.905,43120.008,43142.457,08:50:08
43109.09,43150.83,43110.85,43119.955,43142.425,08:50:11
43109.09,43150.83,43110.795,43119.907,43142.394,08:50:13
43109.091,43150.83,43110.74,43119.859,43142.362,08:50:16
43109.091,43150.83,43110.686,43119.811,43142.331,08:50:18
43109.091,43150.83,43110.631,43119.763,43142.299,08:50:21
43109.091,43150.83,43110.576,43119.715,43142.268,08:50:23
43109.091,43150.83,43110.539,43119.667,43142.236,08:50:26
43109.091,43150.83,43110.503,43119.619,43142.205,08:50:28
43109.091,43150.83,43110.466,43119.571,43142.173,08:50:30
43109.09,43150.83,43110.429,43119.523,43142.142,08:50:33
43109.09,43150.83,43110.393,43119.475,43142.11,08:50:35
43112.99,43150.83,43110.362,43119.431,43142.08,08:50:38
43112.99,43150.83,43110.332,43119.387,43142.05,08:50:41
43112.99,43150.83,43110.302,43119.343,43142.02,08:50:43
43112.99,43150.83,43110.272,43119.298,43141.99,08:50:46
43112.991,43150.83,43110.242,43119.254,43141.96,08:50:48
43112.991,43150.83,43110.211,43119.21,43141.93,08:50:51
43112.99,43150.83,43110.181,43119.166,43141.9,08:50:53
43112.99,43150.83,43110.151,43119.122,43141.87,08:50:56
43112.99,43150.83,43110.121,43119.078,43141.84,08:50:58
43113.06,43150.83,43110.091,43119.034,43141.81,08:51:01
43116.47,43150.83,43110.067,43118.993,43141.782,08:51:03
43116.99,43150.83,43110.043,43118.953,43141.753,08:51:06
43116.99,43150.83,43110.019,43118.913,43141.724,08:51:08
43120.75,43150.83,43110.002,43118.876,43141.697,08:51:11
43122.56,43150.83,43109.993,43118.841,43141.671,08:51:13
43122.561,43150.83,43109.995,43118.807,43141.644,08:51:16
43122.563,43150.83,43109.998,43118.772,43141.618,08:51:18
43122.567,43150.83,43110.0,43118.737,43141.591,08:51:21
43122.567,43150.83,43110.003,43118.702,43141.565,08:51:24
43122.567,43150.83,43110.005,43118.668,43141.538,08:51:26
43122.567,43150.83,43110.008,43118.633,43141.512,08:51:29
43122.566,43150.83,43110.01,43118.598,43141.486,08:51:31
43122.567,43150.83,43110.012,43118.563,43141.459,08:51:34
43122.567,43150.83,43110.015,43118.529,43141.433,08:51:36
43122.567,43150.83,43110.017,43118.494,43141.406,08:51:39
43122.566,43150.83,43110.02,43118.459,43141.38,08:51:42
43122.569,43150.83,43110.022,43118.424,43141.353,08:51:44
43122.569,43150.83,43110.025,43118.39,43141.327,08:51:47
43118.039,43150.83,43110.019,43118.35,43141.299,08:51:49
43116.958,43150.83,43110.013,43118.31,43141.27,08:51:52
43116.958,43150.83,43110.006,43118.27,43141.241,08:51:55
43116.958,43150.83,43109.999,43118.23,43141.213,08:51:57
43116.958,43150.83,43109.992,43118.189,43141.184,08:52:00
43116.956,43150.83,43109.985,43118.149,43141.156,08:52:02
43116.957,43150.83,43109.978,43118.109,43141.127,08:52:05
43116.957,43150.83,43109.971,43118.069,43141.099,08:52:07
43116.958,43150.83,43109.964,43118.029,43141.07,08:52:10
43116.951,43150.83,43109.957,43117.988,43141.042,08:52:12
43116.956,43150.83,43109.96,43117.948,43141.013,08:52:15
43116.956,43150.83,43109.963,43117.908,43140.984,08:52:18
43116.958,43150.83,43109.965,43117.868,43140.956,08:52:21
43116.958,43150.83,43109.968,43117.828,43140.927,08:52:24
43116.958,43150.83,43109.971,43117.787,43140.899,08:52:26
43116.955,43150.83,43109.974,43117.747,43140.87,08:52:30
43116.955,43150.83,43109.977,43117.707,43140.842,08:52:32
43116.955,43150.83,43109.979,43117.667,43140.813,08:52:35
43116.955,43150.83,43109.982,43117.626,43140.785,08:52:37
43116.955,43150.83,43109.985,43117.586,43140.756,08:52:40
43116.952,43150.83,43109.988,43117.546,43140.727,08:52:43
43116.952,43150.83,43109.99,43117.506,43140.699,08:52:45
43116.951,43150.83,43109.993,43117.466,43140.67,08:52:48
43116.953,43150.83,43109.996,43117.425,43140.642,08:52:51
43116.953,43150.83,43110.0,43117.385,43140.614,08:52:53
43116.953,43150.83,43110.004,43117.345,43140.586,08:52:56
43116.952,43150.83,43110.008,43117.305,43140.559,08:52:58
43116.954,43150.83,43110.012,43117.265,43140.531,08:53:01
43116.954,43150.83,43110.016,43117.224,43140.503,08:53:03
43116.954,43150.83,43110.02,43117.184,43140.476,08:53:06
43116.953,43150.83,43110.024,43117.144,43140.448,08:53:09
43116.953,43150.83,43110.027,43117.104,43140.42,08:53:11
43116.954,43150.83,43110.031,43117.064,43140.393,08:53:14
43116.952,43150.83,43110.035,43117.023,43140.365,08:53:17
43116.954,43150.83,43110.039,43116.983,43140.337,08:53:20
43116.953,43150.83,43110.043,43116.943,43140.31,08:53:22
43116.954,43150.83,43110.047,43116.903,43140.282,08:53:25
43116.952,43150.83,43110.051,43116.863,43140.254,08:53:27
43116.952,43150.83,43110.055,43116.822,43140.227,08:53:30
43116.952,43150.83,43110.059,43116.782,43140.199,08:53:32
43116.952,43150.83,43110.063,43116.742,43140.171,08:53:35
43116.952,43150.83,43110.067,43116.702,43140.144,08:53:37
43116.951,43150.83,43110.07,43116.662,43140.116,08:53:40
43116.951,43150.83,43110.072,43116.621,43140.088,08:53:42
43116.951,43150.83,43110.075,43116.581,43140.061,08:53:45
43116.95,43150.83,43110.078,43116.541,43140.033,08:53:48
43116.95,43150.83,43110.081,43116.501,43140.005,08:53:50
43116.95,43150.83,43110.084,43116.46,43139.978,08:53:53
43116.95,43150.83,43110.086,43116.42,43139.95,08:53:55
43116.951,43150.83,43110.089,43116.387,43139.922,08:53:58
43116.95,43150.83,43110.092,43116.353,43139.895,08:54:00
43116.95,43150.83,43110.095,43116.32,43139.867,08:54:03
43116.951,43150.83,43110.097,43116.286,43139.839,08:54:05
43116.951,43150.83,43110.1,43116.253,43139.812,08:54:08
43116.972,43150.83,43110.103,43116.219,43139.784,08:54:10
43116.972,43150.83,43110.106,43116.186,43139.756,08:54:13
43116.973,43150.83,43110.109,43116.152,43139.729,08:54:16
43116.973,43150.83,43110.111,43116.119,43139.701,08:54:18
43116.974,43150.83,43110.114,43116.085,43139.673,08:54:21
43116.974,43150.83,43110.117,43116.052,43139.646,08:54:23
43116.974,43150.83,43110.12,43116.021,43139.618,08:54:26
43116.974,43150.83,43110.123,43115.992,43139.59,08:54:28
43116.974,43150.83,43110.125,43115.962,43139.563,08:54:31
43116.979,43150.83,43110.128,43115.932,43139.535,08:54:34
43116.978,43150.83,43110.131,43115.902,43139.507,08:54:36
43116.977,43150.83,43110.134,43115.873,43139.48,08:54:39
43116.977,43150.83,43110.137,43115.843,43139.452,08:54:41
43116.977,43150.83,43110.139,43115.813,43139.424,08:54:44
43116.977,43150.83,43110.142,43115.784,43139.397,08:54:46
43116.979,43150.83,43110.145,43115.754,43139.369,08:54:49
43116.979,43150.83,43110.148,43115.724,43139.341,08:54:51
43116.979,43150.83,43110.151,43115.695,43139.314,08:54:54
43116.979,43150.83,43110.153,43115.665,43139.286,08:54:56
43116.979,43150.83,43110.156,43115.64,43139.258,08:55:00
43116.979,43150.83,43110.159,43115.616,43139.231,08:55:02
43116.979,43150.83,43110.162,43115.591,43139.203,08:55:05
43116.979,43150.83,43110.165,43115.567,43139.175,08:55:07
43116.979,43150.83,43110.168,43115.542,43139.148,08:55:10
43116.979,43150.83,43110.17,43115.518,43139.12,08:55:12
43116.979,43150.83,43110.173,43115.493,43139.092,08:55:15
43116.977,43150.83,43110.176,43115.469,43139.065,08:55:17
43116.939,43150.83,43110.179,43115.444,43139.037,08:55:20
43116.938,43150.83,43110.181,43115.42,43139.009,08:55:23
43116.938,43150.83,43110.184,43115.395,43138.982,08:55:25
43116.931,43150.83,43110.187,43115.379,43138.954,08:55:28
43116.931,43150.83,43110.19,43115.367,43138.926,08:55:30
43116.931,43150.83,43110.192,43115.355,43138.899,08:55:33
43116.931,43150.83,43110.195,43115.342,43138.871,08:55:36
43116.931,43150.83,43110.198,43115.33,43138.843,08:55:38
43116.931,43150.83,43110.201,43115.318,43138.816,08:55:41
43121.99,43150.83,43110.212,43115.314,43138.79,08:55:43
43121.991,43150.83,43110.223,43115.31,43138.764,08:55:46
43121.996,43150.83,43110.234,43115.306,43138.738,08:55:49
43121.996,43150.83,43110.245,43115.302,43138.712,08:55:52
43121.996,43150.83,43110.256,43115.298,43138.687,08:55:54
43121.992,43150.83,43110.268,43115.294,43138.661,08:55:57
43121.992,43150.83,43110.279,43115.291,43138.634,08:55:59
43122.55,43150.83,43110.291,43115.287,43138.604,08:56:02
43122.55,43150.83,43110.303,43115.284,43138.575,08:56:04
43122.55,43150.83,43110.315,43115.28,43138.546,08:56:07
43122.55,43150.83,43110.327,43115.277,43138.517,08:56:09
43122.55,43150.83,43110.339,43115.274,43138.488,08:56:12
43122.55,43150.83,43110.351,43115.27,43138.458,08:56:15
43122.55,43150.83,43110.363,43115.267,43138.429,08:56:17
43122.55,43150.83,43110.375,43115.263,43138.4,08:56:20
43122.56,43150.83,43110.387,43115.26,43138.371,08:56:23
43122.56,43150.83,43110.4,43115.257,43138.341,08:56:25
43122.56,43150.83,43110.413,43115.253,43138.312,08:56:28
43122.56,43150.83,43110.426,43115.25,43138.283,08:56:30
43122.56,43150.83,43110.438,43115.243,43138.254,08:56:33
43122.56,43150.83,43110.451,43115.232,43138.225,08:56:35
43122.56,43150.83,43110.464,43115.221,43138.195,08:56:38
43122.56,43150.83,43110.477,43115.21,43138.166,08:56:40
43122.56,43150.83,43110.496,43115.198,43138.137,08:56:43
43122.561,43150.83,43110.52,43115.186,43138.108,08:56:46
43122.56,43150.83,43110.545,43115.173,43138.079,08:56:48
43122.563,43150.83,43110.569,43115.16,43138.049,08:56:51
43122.563,43150.83,43110.594,43115.147,43138.02,08:56:54
43122.563,43150.83,43110.618,43115.134,43137.991,08:56:56
43122.567,43150.83,43110.643,43115.121,43137.962,08:56:59
43122.567,43150.83,43110.667,43115.108,43137.933,08:57:01
43122.56,43150.83,43110.692,43115.094,43137.903,08:57:04
43109.1,43150.83,43110.694,43115.068,43137.869,08:57:06
43109.07,43150.83,43110.693,43115.042,43137.835,08:57:09
43109.07,43150.83,43110.691,43115.015,43137.801,08:57:11
43109.069,43150.83,43110.689,43114.989,43137.767,08:57:14
43109.069,43150.83,43110.688,43114.963,43137.732,08:57:17
43109.069,43150.83,43110.686,43114.936,43137.698,08:57:19
43106.639,43150.83,43110.681,43114.907,43137.663,08:57:22
43106.638,43150.83,43110.675,43114.879,43137.628,08:57:24
43106.638,43150.83,43110.67,43114.85,43137.593,08:57:27
43106.638,43150.83,43110.664,43114.821,43137.558,08:57:29
43106.638,43150.83,43110.658,43114.799,43137.523,08:57:32
43106.638,43150.83,43110.653,43114.777,43137.488,08:57:34
43106.638,43150.83,43110.647,43114.754,43137.452,08:57:37
43106.638,43150.83,43110.642,43114.732,43137.417,08:57:40
43106.638,43150.83,43110.636,43114.71,43137.382,08:57:42
43106.638,43150.83,43110.631,43114.688,43137.344,08:57:45
43106.639,43150.83,43110.625,43114.665,43137.306,08:57:47
43103.929,43150.83,43110.615,43114.641,43137.267,08:57:50
43103.928,43150.83,43110.605,43114.616,43137.228,08:57:53
43103.928,43150.83,43110.595,43114.591,43137.189,08:57:55
43103.928,43150.83,43110.585,43114.566,43137.15,08:57:58
43102.588,43150.83,43110.572,43114.543,43137.111,08:58:01
43102.588,43150.83,43110.56,43114.52,43137.071,08:58:03
43102.588,43150.83,43110.547,43114.497,43137.032,08:58:06
43102.588,43150.83,43110.535,43114.474,43136.992,08:58:08
43102.588,43150.83,43110.523,43114.451,43136.953,08:58:11
43102.588,43150.83,43110.51,43114.428,43136.914,08:58:13
43102.588,43150.83,43110.498,43114.405,43136.879,08:58:16
43102.588,43150.83,43110.486,43114.382,43136.846,08:58:19
43102.549,43150.83,43110.473,43114.359,43136.814,08:58:21
43101.82,43150.83,43110.46,43114.335,43136.783,08:58:24
43101.82,43150.83,43110.446,43114.312,43136.751,08:58:26
43101.11,43150.83,43110.431,43114.287,43136.719,08:58:29
43100.46,43150.83,43110.415,43114.262,43136.687,08:58:32
43100.459,43150.83,43110.4,43114.237,43136.655,08:58:34
43100.459,43150.83,43110.384,43114.212,43136.623,08:58:36
43099.909,43150.83,43110.367,43114.187,43136.59,08:58:39
43099.909,43150.83,43110.343,43114.161,43136.558,08:58:41
43099.909,43150.83,43110.32,43114.135,43136.525,08:58:44
43099.909,43150.83,43110.296,43114.11,43136.493,08:58:46
43099.909,43150.83,43110.273,43114.084,43136.461,08:58:49
43099.87,43150.83,43110.249,43114.059,43136.428,08:58:51
43099.869,43150.83,43110.226,43114.033,43136.396,08:58:54
43099.869,43150.83,43110.202,43114.007,43136.365,08:58:56
43099.869,43150.83,43110.179,43113.982,43136.335,08:58:59
43099.868,43150.83,43110.155,43113.956,43136.305,08:59:02
43099.868,43150.83,43110.132,43113.933,43136.275,08:59:04
43099.868,43150.83,43110.108,43113.918,43136.245,08:59:07
43099.867,43150.83,43110.085,43113.903,43136.215,08:59:09
43098.759,43150.83,43110.059,43113.887,43136.186,08:59:12
43098.759,43150.83,43110.034,43113.87,43136.156,08:59:14
43096.163,43150.83,43110.004,43113.852,43136.126,08:59:17
43096.163,43150.83,43109.975,43113.833,43136.095,08:59:19
43095.837,43150.83,43109.951,43113.814,43136.064,08:59:22
43095.837,43150.83,43109.928,43113.794,43136.034,08:59:25
43095.837,43150.83,43109.904,43113.775,43136.003,08:59:27
43095.837,43150.83,43109.88,43113.756,43135.973,08:59:30
43095.837,43150.83,43109.857,43113.737,43135.942,08:59:32
43095.838,43150.83,43109.833,43113.718,43135.91,08:59:35
43095.837,43150.83,43109.81,43113.698,43135.877,08:59:37
43095.837,43150.83,43109.786,43113.679,43135.844,08:59:40
43095.837,43150.83,43109.763,43113.66,43135.811,08:59:42
43095.398,43150.83,43109.739,43113.641,43135.778,08:59:45
43095.398,43150.83,43109.714,43113.621,43135.745,08:59:48
43095.398,43150.83,43109.69,43113.601,43135.714,08:59:50
43095.398,43150.83,43109.666,43113.582,43135.684,08:59:54
43095.398,43150.83,43109.641,43113.562,43135.654,08:59:56
43095.398,43150.83,43109.617,43113.543,43135.625,08:59:59
43095.399,43150.83,43109.593,43113.523,43135.596,09:00:02
43095.398,43150.83,43109.569,43113.503,43135.566,09:00:05
43095.397,43150.83,43109.544,43113.484,43135.537,09:00:07
43095.397,43150.83,43109.52,43113.464,43135.507,09:00:10
43095.391,43150.83,43109.496,43113.444,43135.481,09:00:12
43095.391,43150.83,43109.472,43113.425,43135.454,09:00:15
43095.393,43150.83,43109.447,43113.405,43135.427,09:00:17
43095.394,43150.83,43109.423,43113.386,43135.4,09:00:20
43095.397,43150.83,43109.399,43113.366,43135.373,09:00:22
43095.397,43150.83,43109.374,43113.346,43135.346,09:00:26
43095.397,43150.83,43109.35,43113.327,43135.32,09:00:29
43095.397,43150.83,43109.326,43113.307,43135.293,09:00:31
43095.396,43150.83,43109.302,43113.288,43135.266,09:00:34
43095.396,43150.83,43109.277,43113.268,43135.239,09:00:36
43095.397,43150.83,43109.253,43113.248,43135.212,09:00:39
43095.396,43150.83,43109.229,43113.229,43135.185,09:00:41
43095.396,43150.83,43109.205,43113.209,43135.159,09:00:44
43095.396,43150.83,43109.18,43113.19,43135.132,09:00:46
43095.397,43150.83,43109.156,43113.17,43135.105,09:00:49
43095.397,43150.83,43109.132,43113.15,43135.078,09:00:51
43095.397,43150.83,43109.107,43113.131,43135.051,09:00:54
43095.369,43150.83,43109.083,43113.111,43135.024,09:00:57
43095.369,43150.83,43109.059,43113.093,43134.998,09:00:59
43095.0,43150.83,43109.034,43113.075,43134.971,09:01:01
43095.0,43150.83,43109.009,43113.056,43134.944,09:01:04
43095.0,43150.83,43108.984,43113.038,43134.917,09:01:07
43095.0,43150.83,43108.959,43113.019,43134.89,09:01:09
43094.9,43150.83,43108.934,43113.001,43134.863,09:01:12
43094.9,43150.83,43108.909,43112.982,43134.836,09:01:14
43094.9,43150.83,43108.884,43112.964,43134.809,09:01:17
43094.9,43150.83,43108.859,43112.944,43134.782,09:01:19
43094.9,43150.83,43108.834,43112.924,43134.755,09:01:22
43094.349,43150.83,43108.808,43112.903,43134.727,09:01:24
43094.349,43150.83,43108.782,43112.883,43134.7,09:01:27
43094.349,43150.83,43108.756,43112.862,43134.673,09:01:29
43094.349,43150.83,43108.73,43112.842,43134.646,09:01:32
43094.349,43150.83,43108.704,43112.821,43134.619,09:01:35
43094.341,43150.83,43108.678,43112.801,43134.591,09:01:37
43094.341,43150.83,43108.651,43112.78,43134.564,09:01:40
43094.341,43150.83,43108.625,43112.76,43134.537,09:01:43
43094.341,43150.83,43108.599,43112.739,43134.51,09:01:45
43094.341,43150.83,43108.573,43112.719,43134.483,09:01:48
43094.341,43150.83,43108.547,43112.698,43134.455,09:01:50
43094.341,43150.83,43108.522,43112.677,43134.428,09:01:53
43094.341,43150.83,43108.511,43112.657,43134.401,09:01:55
43094.342,43150.83,43108.501,43112.636,43134.374,09:01:58
43094.342,43150.83,43108.492,43112.616,43134.347,09:02:01
43094.342,43150.83,43108.482,43112.595,43134.319,09:02:03
43094.342,43150.83,43108.473,43112.575,43134.292,09:02:06
43094.342,43150.83,43108.459,43112.554,43134.265,09:02:08
43094.342,43150.83,43108.444,43112.534,43134.238,09:02:11
43094.343,43150.83,43108.43,43112.513,43134.211,09:02:14
43094.343,43150.83,43108.416,43112.493,43134.183,09:02:16
43094.344,43150.83,43108.401,43112.472,43134.156,09:02:19
43094.345,43150.83,43108.387,43112.451,43134.129,09:02:21
43094.348,43150.83,43108.373,43112.431,43134.102,09:02:24
43094.347,43150.83,43108.358,43112.41,43134.075,09:02:26
43094.347,43150.83,43108.344,43112.39,43134.047,09:02:29
43094.348,43150.83,43108.33,43112.369,43134.02,09:02:31
43094.348,43150.83,43108.315,43112.349,43133.993,09:02:34
43094.348,43150.83,43108.301,43112.328,43133.966,09:02:36
43094.348,43150.83,43108.287,43112.308,43133.939,09:02:39
43094.348,43150.83,43108.272,43112.287,43133.911,09:02:41
